JAZ164, R743, Outer Planets

3.42947415189 -0.00557160570446 
3.35386959711 0.00505696783289 
1.35494901715 0.00230578543901 
6.6414554255 -0.00415570776342 
5.97156957878 0.00365682722812 
2.18231499728 0.00169143213293 
11.2630437207 -0.00325325669158 
14.6952576794 0.00189706021964 
6.27960525067 0.00087726532278 
-30.1552268759 -0.00024047625417 
1.65699966404 -0.00287659532608 
1.43785752721 -0.00117219543175 
-21.123835338 -0.00176860753121 
28.4465098142 -0.00216393453025 
15.3882659679 -0.00014864789309 

1.00000597682 
0.000954786104043 
0.000285583733151 
4.37273164546e-05 
5.17759138449e-05 
2.77777777778e-06 

0.000295912208286 

eps = 0.0001 

T = 2430000.5 

J 3.42947415189 3.35386959711 1.35494901715 
S 6.6414554255 5.97156957878 2.18231499728 
U 11.2630437207 14.6952576794 6.27960525067 
N -30.1552268759 1.65699966404 1.43785752721 
P -21.123835338 28.4465098142 15.3882659679 

T = 2430500.5 

J -0.0495344546567 4.71498249545 2.02396351284 
S 4.27761461061 7.48321048003 2.90941831271 
U 9.5822900727 15.5678138847 6.68573238001 
N -30.2357830487 0.215924799164 0.849602273708 
P -21.994991444 27.3451305152 15.3034855512 

T = 2431000.5 

J -3.53542969072 3.61005313941 1.6351769641 
S 1.49614996285 8.26186233088 3.35148727656 
U 7.8051125539 16.2813708965 7.02357915212 
N -30.2355694688 -1.22827972303 0.257987476564 
P -22.8372191873 26.2050872088 15.1974059998 
