	0             1             2             3             4
--------------------------------------------------------------------------
  0     1             1             2             3             4
  5     6             6             12            15            20
 10     30            30            60            60            84
 15     105           140           210           210           420
 20     420           420           420           840           840
 25     1260          1260          1540          2310          2310
 30     4620          4620          5460          5460          9240
 35     9240          13860         13860         16380         16380
 40     20020         30030         30030         60060         60060
 45     60060         60060         120120        120120        180180
 50     180180        180180        180180        235620        235620
 55     278460        360360        360360        510510        510510
 60     1021020       1021020       1141140       1141140       2042040
 65     2042040       3063060       3063060       3423420       3423420
 70     3423420       3423420       4476780       6126120       6126120
 75     6846840       6846840       9699690       9699690       19399380
 80     19399380      19399380      19399380      38798760      38798760
 85     58198140      58198140      58198140      58198140      70450380
 90     70450380      78738660      116396280     116396280     116396280
 95     116396280     140900760     140900760     157477320     157477320
100     223092870     232792560     446185740     446185740     446185740
105     446185740     892371480     892371480     1338557220    1338557220
110     1338557220    1338557220    1338557220    1338557220    1687746060
115     2677114440    2677114440    2677114440    2677114440    2677114440
120     2677114440    3375492120    3375492120    3608284680    5354228880
125     5354228880    5354228880    5354228880    5354228880
