 -0.005  3.350           -0.005  3.307           -0.007  3.307
 -0.023  3.089           -0.023  3.002           -0.023  3.060
 -0.041  2.741           -0.043  2.712           -0.044  2.698
 -0.061  2.379           -0.064  2.350           -0.062  2.335
 -0.082  2.146           -0.084  2.059           -0.082  2.059
 -0.103  1.885           -0.103  1.784           -0.103  1.813
 -0.123  1.581           -0.121  1.566           -0.124  1.523
 -0.139  1.334           -0.144  1.291           -0.142  1.320
 -0.160  1.087           -0.163  1.102           -0.162  1.102
 -0.181  0.884           -0.178  0.899           -0.178  0.899
 -0.202  0.725           -0.201  0.739           -0.199  0.710
 -0.223  0.536           -0.219  0.565           -0.220  0.551
 -0.240  0.420           -0.241  0.391           -0.238  0.406
 -0.258  0.275           -0.263  0.290           -0.256  0.290
 -0.276  0.217           -0.280  0.174           -0.279  0.188
 -0.300  0.087           -0.300  0.087           -0.302  0.087
 -0.316  0.058           -0.321  0.043           -0.316  0.043
 -0.337  0.000           -0.336  0.000           -0.336  0.000
