0 00000000 0000000 = 0.
0 00000000 0000001 = 9.1835496e-41
0 00000000 0000010 = 1.8367099e-40
0 00000000 0000100 = 3.6734198e-40
0 00000000 0001000 = 7.3468397e-40
0 00000000 0010000 = 1.4693679e-39
0 00000000 0100000 = 2.9387359e-39
0 00000000 0111111 = 5.7856363e-39
0 00000000 1000000 = 5.8774718e-39
0 00000000 1011111 = 8.7243721e-39
0 00000000 1101111 = 1.0193740e-38
0 00000000 1110111 = 1.0928424e-38
0 00000000 1111011 = 1.1295766e-38
0 00000000 1111101 = 1.1479437e-38
0 00000000 1111110 = 1.1571273e-38
0 00000000 1111111 = 1.1663108e-38
0 00000001 0000000 = 1.1754944e-38
0 00000001 0000001 = 1.1846779e-38
0 00000001 0000010 = 1.1938615e-38
0 00000001 0000100 = 1.2122285e-38
0 00000001 0001000 = 1.2489627e-38
0 00000001 0010000 = 1.3224311e-38
0 00000001 0100000 = 1.4693679e-38
0 00000001 0111111 = 1.7540580e-38
0 00000001 1000000 = 1.7632415e-38
0 00000001 1011111 = 2.0479316e-38
0 00000001 1101111 = 2.1948684e-38
0 00000001 1110111 = 2.2683368e-38
0 00000001 1111011 = 2.3050710e-38
0 00000001 1111101 = 2.3234381e-38
0 00000001 1111110 = 2.3326216e-38
0 00000001 1111111 = 2.3418052e-38
0 00000010 0000000 = 2.3509887e-38
0 00000010 0000001 = 2.3693558e-38
0 00000010 0000010 = 2.3877229e-38
0 00000010 0000100 = 2.4244571e-38
0 00000010 0001000 = 2.4979255e-38
0 00000010 0010000 = 2.6448623e-38
0 00000010 0100000 = 2.9387359e-38
0 00000010 0111111 = 3.5081160e-38
0 00000010 1000000 = 3.5264831e-38
0 00000010 1011111 = 4.0958631e-38
0 00000010 1101111 = 4.3897367e-38
0 00000010 1110111 = 4.5366735e-38
0 00000010 1111011 = 4.6101419e-38
0 00000010 1111101 = 4.6468761e-38
0 00000010 1111110 = 4.6652432e-38
0 00000010 1111111 = 4.6836103e-38
0 00000100 0000000 = 9.4039548e-38
0 00000100 0000001 = 9.4774232e-38
0 00000100 0000010 = 9.5508916e-38
0 00000100 0000100 = 9.6978284e-38
0 00000100 0001000 = 9.9917020e-38
0 00000100 0010000 = 1.0579449e-37
0 00000100 0100000 = 1.1754944e-37
0 00000100 0111111 = 1.4032464e-37
0 00000100 1000000 = 1.4105932e-37
0 00000100 1011111 = 1.6383453e-37
0 00000100 1101111 = 1.7558947e-37
0 00000100 1110111 = 1.8146694e-37
0 00000100 1111011 = 1.8440568e-37
0 00000100 1111101 = 1.8587504e-37
0 00000100 1111110 = 1.8660973e-37
0 00000100 1111111 = 1.8734441e-37
0 00001000 0000000 = 1.5046328e-36
0 00001000 0000001 = 1.5163877e-36
0 00001000 0000010 = 1.5281427e-36
0 00001000 0000100 = 1.5516525e-36
0 00001000 0001000 = 1.5986723e-36
0 00001000 0010000 = 1.6927119e-36
0 00001000 0100000 = 1.8807910e-36
0 00001000 0111111 = 2.2451942e-36
0 00001000 1000000 = 2.2569492e-36
0 00001000 1011111 = 2.6213524e-36
0 00001000 1101111 = 2.8094315e-36
0 00001000 1110111 = 2.9034710e-36
0 00001000 1111011 = 2.9504908e-36
0 00001000 1111101 = 2.9740007e-36
0 00001000 1111110 = 2.9857557e-36
0 00001000 1111111 = 2.9975106e-36
0 00010000 0000000 = 3.8518599e-34
0 00010000 0000001 = 3.8819525e-34
0 00010000 0000010 = 3.9120452e-34
0 00010000 0000100 = 3.9722305e-34
0 00010000 0001000 = 4.0926011e-34
0 00010000 0010000 = 4.3333424e-34
0 00010000 0100000 = 4.8148249e-34
0 00010000 0111111 = 5.7476972e-34
0 00010000 1000000 = 5.7777898e-34
0 00010000 1011111 = 6.7106621e-34
0 00010000 1101111 = 7.1921446e-34
0 00010000 1110111 = 7.4328859e-34
0 00010000 1111011 = 7.5532565e-34
0 00010000 1111101 = 7.6134418e-34
0 00010000 1111110 = 7.6435345e-34
0 00010000 1111111 = 7.6736271e-34
0 00100000 0000000 = 2.5243549e-29
0 00100000 0000001 = 2.5440764e-29
0 00100000 0000010 = 2.5637979e-29
0 00100000 0000100 = 2.6032410e-29
0 00100000 0001000 = 2.6821271e-29
0 00100000 0010000 = 2.8398993e-29
0 00100000 0100000 = 3.1554436e-29
0 00100000 0111111 = 3.7668108e-29
0 00100000 1000000 = 3.7865323e-29
0 00100000 1011111 = 4.3978995e-29
0 00100000 1101111 = 4.7134439e-29
0 00100000 1110111 = 4.8712161e-29
0 00100000 1111011 = 4.9501022e-29
0 00100000 1111101 = 4.9895452e-29
0 00100000 1111110 = 5.0092667e-29
0 00100000 1111111 = 5.0289883e-29
0 01000000 0000000 = 1.0842022e-19
0 01000000 0000001 = 1.0926725e-19
0 01000000 0000010 = 1.1011428e-19
0 01000000 0000100 = 1.1180835e-19
0 01000000 0001000 = 1.1519648e-19
0 01000000 0010000 = 1.2197274e-19
0 01000000 0100000 = 1.3552527e-19
0 01000000 0111111 = 1.6178329e-19
0 01000000 1000000 = 1.6263033e-19
0 01000000 1011111 = 1.8888835e-19
0 01000000 1101111 = 2.0244087e-19
0 01000000 1110111 = 2.0921714e-19
0 01000000 1111011 = 2.1260527e-19
0 01000000 1111101 = 2.1429934e-19
0 01000000 1111110 = 2.1514637e-19
0 01000000 1111111 = 2.1599340e-19
0 01111111 0000000 = 1.
0 01111111 0000001 = 1.0078125
0 01111111 0000010 = 1.015625
0 01111111 0000100 = 1.03125
0 01111111 0001000 = 1.0625
0 01111111 0010000 = 1.125
0 01111111 0100000 = 1.25
0 01111111 0111111 = 1.4921875
0 01111111 1000000 = 1.5
0 01111111 1011111 = 1.7421875
0 01111111 1101111 = 1.8671875
0 01111111 1110111 = 1.9296875
0 01111111 1111011 = 1.9609375
0 01111111 1111101 = 1.9765625
0 01111111 1111110 = 1.984375
0 01111111 1111111 = 1.9921875
0 10000000 0000000 = 2.
0 10000000 0000001 = 2.015625
0 10000000 0000010 = 2.03125
0 10000000 0000100 = 2.0625
0 10000000 0001000 = 2.125
0 10000000 0010000 = 2.25
0 10000000 0100000 = 2.5
0 10000000 0111111 = 2.984375
0 10000000 1000000 = 3.
0 10000000 1011111 = 3.484375
0 10000000 1101111 = 3.734375
0 10000000 1110111 = 3.859375
0 10000000 1111011 = 3.921875
0 10000000 1111101 = 3.953125
0 10000000 1111110 = 3.96875
0 10000000 1111111 = 3.984375
0 10111111 0000000 = 1.8446744e+19
0 10111111 0000001 = 1.8590859e+19
0 10111111 0000010 = 1.8734974e+19
0 10111111 0000100 = 1.9023205e+19
0 10111111 0001000 = 1.9599666e+19
0 10111111 0010000 = 2.0752587e+19
0 10111111 0100000 = 2.3058430e+19
0 10111111 0111111 = 2.7526001e+19
0 10111111 1000000 = 2.7670116e+19
0 10111111 1011111 = 3.2137687e+19
0 10111111 1101111 = 3.4443530e+19
0 10111111 1110111 = 3.5596451e+19
0 10111111 1111011 = 3.6172912e+19
0 10111111 1111101 = 3.6461143e+19
0 10111111 1111110 = 3.6605258e+19
0 10111111 1111111 = 3.6749373e+19
0 11011111 0000000 = 7.9228163e+28
0 11011111 0000001 = 7.9847133e+28
0 11011111 0000010 = 8.0466103e+28
0 11011111 0000100 = 8.1704043e+28
0 11011111 0001000 = 8.4179923e+28
0 11011111 0010000 = 8.9131683e+28
0 11011111 0100000 = 9.9035203e+28
0 11011111 0111111 = 1.1822327e+29
0 11011111 1000000 = 1.1884224e+29
0 11011111 1011111 = 1.3803031e+29
0 11011111 1101111 = 1.4793383e+29
0 11011111 1110111 = 1.5288559e+29
0 11011111 1111011 = 1.5536147e+29
0 11011111 1111101 = 1.5659941e+29
0 11011111 1111110 = 1.5721838e+29
0 11011111 1111111 = 1.5783736e+29
0 11101111 0000000 = 5.1922969e+33
0 11101111 0000001 = 5.2328617e+33
0 11101111 0000010 = 5.2734265e+33
0 11101111 0000100 = 5.3545561e+33
0 11101111 0001000 = 5.5168154e+33
0 11101111 0010000 = 5.8413340e+33
0 11101111 0100000 = 6.4903711e+33
0 11101111 0111111 = 7.7478805e+33
0 11101111 1000000 = 7.7884453e+33
0 11101111 1011111 = 9.0459547e+33
0 11101111 1101111 = 9.6949918e+33
0 11101111 1110111 = 1.0019510e+34
0 11101111 1111011 = 1.0181770e+34
0 11101111 1111101 = 1.0262899e+34
0 11101111 1111110 = 1.0303464e+34
0 11101111 1111111 = 1.0344029e+34
0 11110111 0000000 = 1.3292280e+36
0 11110111 0000001 = 1.3396126e+36
0 11110111 0000010 = 1.3499972e+36
0 11110111 0000100 = 1.3707664e+36
0 11110111 0001000 = 1.4123047e+36
0 11110111 0010000 = 1.4953815e+36
0 11110111 0100000 = 1.6615350e+36
0 11110111 0111111 = 1.9834574e+36
0 11110111 1000000 = 1.9938420e+36
0 11110111 1011111 = 2.3157644e+36
0 11110111 1101111 = 2.4819179e+36
0 11110111 1110111 = 2.5649946e+36
0 11110111 1111011 = 2.6065330e+36
0 11110111 1111101 = 2.6273022e+36
0 11110111 1111110 = 2.6376868e+36
0 11110111 1111111 = 2.6480714e+36
0 11111011 0000000 = 2.1267648e+37
0 11111011 0000001 = 2.1433801e+37
0 11111011 0000010 = 2.1599955e+37
0 11111011 0000100 = 2.1932262e+37
0 11111011 0001000 = 2.2596876e+37
0 11111011 0010000 = 2.3926104e+37
0 11111011 0100000 = 2.6584560e+37
0 11111011 0111111 = 3.1735318e+37
0 11111011 1000000 = 3.1901472e+37
0 11111011 1011111 = 3.7052230e+37
0 11111011 1101111 = 3.9710686e+37
0 11111011 1110111 = 4.1039914e+37
0 11111011 1111011 = 4.1704528e+37
0 11111011 1111101 = 4.2036835e+37
0 11111011 1111110 = 4.2202989e+37
0 11111011 1111111 = 4.2369142e+37
0 11111101 0000000 = 8.5070592e+37
0 11111101 0000001 = 8.5735206e+37
0 11111101 0000010 = 8.6399820e+37
0 11111101 0000100 = 8.7729048e+37
0 11111101 0001000 = 9.0387504e+37
0 11111101 0010000 = 9.5704416e+37
0 11111101 0100000 = 1.0633824e+38
0 11111101 0111111 = 1.2694127e+38
0 11111101 1000000 = 1.2760589e+38
0 11111101 1011111 = 1.4820892e+38
0 11111101 1101111 = 1.5884275e+38
0 11111101 1110111 = 1.6415966e+38
0 11111101 1111011 = 1.6681811e+38
0 11111101 1111101 = 1.6814734e+38
0 11111101 1111110 = 1.6881196e+38
0 11111101 1111111 = 1.6947657e+38
0 11111110 0000000 = 1.7014118e+38
0 11111110 0000001 = 1.7147041e+38
0 11111110 0000010 = 1.7279964e+38
0 11111110 0000100 = 1.7545810e+38
0 11111110 0001000 = 1.8077501e+38
0 11111110 0010000 = 1.9140883e+38
0 11111110 0100000 = 2.1267648e+38
0 11111110 0111111 = 2.5388255e+38
0 11111110 1000000 = 2.5521178e+38
0 11111110 1011111 = 2.9641784e+38
0 11111110 1101111 = 3.1768549e+38
0 11111110 1110111 = 3.2831931e+38
0 11111110 1111011 = 3.3363623e+38
0 11111110 1111101 = 3.3629468e+38
0 11111110 1111110 = 3.3762391e+38
0 11111110 1111111 = 3.3895314e+38
0 11111111 0000000 = inf
0 11111111 0000001 = nan
0 11111111 0000010 = nan
0 11111111 0000100 = nan
0 11111111 0001000 = nan
0 11111111 0010000 = nan
0 11111111 0100000 = nan
0 11111111 0111111 = nan
0 11111111 1000000 = nan
0 11111111 1011111 = nan
0 11111111 1101111 = nan
0 11111111 1110111 = nan
0 11111111 1111011 = nan
0 11111111 1111101 = nan
0 11111111 1111110 = nan
0 11111111 1111111 = nan
1 00000000 0000000 = -0.
1 00000000 0000001 = -9.1835496e-41
1 00000000 0000010 = -1.8367099e-40
1 00000000 0000100 = -3.6734198e-40
1 00000000 0001000 = -7.3468397e-40
1 00000000 0010000 = -1.4693679e-39
1 00000000 0100000 = -2.9387359e-39
1 00000000 0111111 = -5.7856363e-39
1 00000000 1000000 = -5.8774718e-39
1 00000000 1011111 = -8.7243721e-39
1 00000000 1101111 = -1.0193740e-38
1 00000000 1110111 = -1.0928424e-38
1 00000000 1111011 = -1.1295766e-38
1 00000000 1111101 = -1.1479437e-38
1 00000000 1111110 = -1.1571273e-38
1 00000000 1111111 = -1.1663108e-38
1 00000001 0000000 = -1.1754944e-38
1 00000001 0000001 = -1.1846779e-38
1 00000001 0000010 = -1.1938615e-38
1 00000001 0000100 = -1.2122285e-38
1 00000001 0001000 = -1.2489627e-38
1 00000001 0010000 = -1.3224311e-38
1 00000001 0100000 = -1.4693679e-38
1 00000001 0111111 = -1.7540580e-38
1 00000001 1000000 = -1.7632415e-38
1 00000001 1011111 = -2.0479316e-38
1 00000001 1101111 = -2.1948684e-38
1 00000001 1110111 = -2.2683368e-38
1 00000001 1111011 = -2.3050710e-38
1 00000001 1111101 = -2.3234381e-38
1 00000001 1111110 = -2.3326216e-38
1 00000001 1111111 = -2.3418052e-38
1 00000010 0000000 = -2.3509887e-38
1 00000010 0000001 = -2.3693558e-38
1 00000010 0000010 = -2.3877229e-38
1 00000010 0000100 = -2.4244571e-38
1 00000010 0001000 = -2.4979255e-38
1 00000010 0010000 = -2.6448623e-38
1 00000010 0100000 = -2.9387359e-38
1 00000010 0111111 = -3.5081160e-38
1 00000010 1000000 = -3.5264831e-38
1 00000010 1011111 = -4.0958631e-38
1 00000010 1101111 = -4.3897367e-38
1 00000010 1110111 = -4.5366735e-38
1 00000010 1111011 = -4.6101419e-38
1 00000010 1111101 = -4.6468761e-38
1 00000010 1111110 = -4.6652432e-38
1 00000010 1111111 = -4.6836103e-38
1 00000100 0000000 = -9.4039548e-38
1 00000100 0000001 = -9.4774232e-38
1 00000100 0000010 = -9.5508916e-38
1 00000100 0000100 = -9.6978284e-38
1 00000100 0001000 = -9.9917020e-38
1 00000100 0010000 = -1.0579449e-37
1 00000100 0100000 = -1.1754944e-37
1 00000100 0111111 = -1.4032464e-37
1 00000100 1000000 = -1.4105932e-37
1 00000100 1011111 = -1.6383453e-37
1 00000100 1101111 = -1.7558947e-37
1 00000100 1110111 = -1.8146694e-37
1 00000100 1111011 = -1.8440568e-37
1 00000100 1111101 = -1.8587504e-37
1 00000100 1111110 = -1.8660973e-37
1 00000100 1111111 = -1.8734441e-37
1 00001000 0000000 = -1.5046328e-36
1 00001000 0000001 = -1.5163877e-36
1 00001000 0000010 = -1.5281427e-36
1 00001000 0000100 = -1.5516525e-36
1 00001000 0001000 = -1.5986723e-36
1 00001000 0010000 = -1.6927119e-36
1 00001000 0100000 = -1.8807910e-36
1 00001000 0111111 = -2.2451942e-36
1 00001000 1000000 = -2.2569492e-36
1 00001000 1011111 = -2.6213524e-36
1 00001000 1101111 = -2.8094315e-36
1 00001000 1110111 = -2.9034710e-36
1 00001000 1111011 = -2.9504908e-36
1 00001000 1111101 = -2.9740007e-36
1 00001000 1111110 = -2.9857557e-36
1 00001000 1111111 = -2.9975106e-36
1 00010000 0000000 = -3.8518599e-34
1 00010000 0000001 = -3.8819525e-34
1 00010000 0000010 = -3.9120452e-34
1 00010000 0000100 = -3.9722305e-34
1 00010000 0001000 = -4.0926011e-34
1 00010000 0010000 = -4.3333424e-34
1 00010000 0100000 = -4.8148249e-34
1 00010000 0111111 = -5.7476972e-34
1 00010000 1000000 = -5.7777898e-34
1 00010000 1011111 = -6.7106621e-34
1 00010000 1101111 = -7.1921446e-34
1 00010000 1110111 = -7.4328859e-34
1 00010000 1111011 = -7.5532565e-34
1 00010000 1111101 = -7.6134418e-34
1 00010000 1111110 = -7.6435345e-34
1 00010000 1111111 = -7.6736271e-34
1 00100000 0000000 = -2.5243549e-29
1 00100000 0000001 = -2.5440764e-29
1 00100000 0000010 = -2.5637979e-29
1 00100000 0000100 = -2.6032410e-29
1 00100000 0001000 = -2.6821271e-29
1 00100000 0010000 = -2.8398993e-29
1 00100000 0100000 = -3.1554436e-29
1 00100000 0111111 = -3.7668108e-29
1 00100000 1000000 = -3.7865323e-29
1 00100000 1011111 = -4.3978995e-29
1 00100000 1101111 = -4.7134439e-29
1 00100000 1110111 = -4.8712161e-29
1 00100000 1111011 = -4.9501022e-29
1 00100000 1111101 = -4.9895452e-29
1 00100000 1111110 = -5.0092667e-29
1 00100000 1111111 = -5.0289883e-29
1 01000000 0000000 = -1.0842022e-19
1 01000000 0000001 = -1.0926725e-19
1 01000000 0000010 = -1.1011428e-19
1 01000000 0000100 = -1.1180835e-19
1 01000000 0001000 = -1.1519648e-19
1 01000000 0010000 = -1.2197274e-19
1 01000000 0100000 = -1.3552527e-19
1 01000000 0111111 = -1.6178329e-19
1 01000000 1000000 = -1.6263033e-19
1 01000000 1011111 = -1.8888835e-19
1 01000000 1101111 = -2.0244087e-19
1 01000000 1110111 = -2.0921714e-19
1 01000000 1111011 = -2.1260527e-19
1 01000000 1111101 = -2.1429934e-19
1 01000000 1111110 = -2.1514637e-19
1 01000000 1111111 = -2.1599340e-19
1 01111111 0000000 = -1.
1 01111111 0000001 = -1.0078125
1 01111111 0000010 = -1.015625
1 01111111 0000100 = -1.03125
1 01111111 0001000 = -1.0625
1 01111111 0010000 = -1.125
1 01111111 0100000 = -1.25
1 01111111 0111111 = -1.4921875
1 01111111 1000000 = -1.5
1 01111111 1011111 = -1.7421875
1 01111111 1101111 = -1.8671875
1 01111111 1110111 = -1.9296875
1 01111111 1111011 = -1.9609375
1 01111111 1111101 = -1.9765625
1 01111111 1111110 = -1.984375
1 01111111 1111111 = -1.9921875
1 10000000 0000000 = -2.
1 10000000 0000001 = -2.015625
1 10000000 0000010 = -2.03125
1 10000000 0000100 = -2.0625
1 10000000 0001000 = -2.125
1 10000000 0010000 = -2.25
1 10000000 0100000 = -2.5
1 10000000 0111111 = -2.984375
1 10000000 1000000 = -3.
1 10000000 1011111 = -3.484375
1 10000000 1101111 = -3.734375
1 10000000 1110111 = -3.859375
1 10000000 1111011 = -3.921875
1 10000000 1111101 = -3.953125
1 10000000 1111110 = -3.96875
1 10000000 1111111 = -3.984375
1 10111111 0000000 = -1.8446744e+19
1 10111111 0000001 = -1.8590859e+19
1 10111111 0000010 = -1.8734974e+19
1 10111111 0000100 = -1.9023205e+19
1 10111111 0001000 = -1.9599666e+19
1 10111111 0010000 = -2.0752587e+19
1 10111111 0100000 = -2.3058430e+19
1 10111111 0111111 = -2.7526001e+19
1 10111111 1000000 = -2.7670116e+19
1 10111111 1011111 = -3.2137687e+19
1 10111111 1101111 = -3.4443530e+19
1 10111111 1110111 = -3.5596451e+19
1 10111111 1111011 = -3.6172912e+19
1 10111111 1111101 = -3.6461143e+19
1 10111111 1111110 = -3.6605258e+19
1 10111111 1111111 = -3.6749373e+19
1 11011111 0000000 = -7.9228163e+28
1 11011111 0000001 = -7.9847133e+28
1 11011111 0000010 = -8.0466103e+28
1 11011111 0000100 = -8.1704043e+28
1 11011111 0001000 = -8.4179923e+28
1 11011111 0010000 = -8.9131683e+28
1 11011111 0100000 = -9.9035203e+28
1 11011111 0111111 = -1.1822327e+29
1 11011111 1000000 = -1.1884224e+29
1 11011111 1011111 = -1.3803031e+29
1 11011111 1101111 = -1.4793383e+29
1 11011111 1110111 = -1.5288559e+29
1 11011111 1111011 = -1.5536147e+29
1 11011111 1111101 = -1.5659941e+29
1 11011111 1111110 = -1.5721838e+29
1 11011111 1111111 = -1.5783736e+29
1 11101111 0000000 = -5.1922969e+33
1 11101111 0000001 = -5.2328617e+33
1 11101111 0000010 = -5.2734265e+33
1 11101111 0000100 = -5.3545561e+33
1 11101111 0001000 = -5.5168154e+33
1 11101111 0010000 = -5.8413340e+33
1 11101111 0100000 = -6.4903711e+33
1 11101111 0111111 = -7.7478805e+33
1 11101111 1000000 = -7.7884453e+33
1 11101111 1011111 = -9.0459547e+33
1 11101111 1101111 = -9.6949918e+33
1 11101111 1110111 = -1.0019510e+34
1 11101111 1111011 = -1.0181770e+34
1 11101111 1111101 = -1.0262899e+34
1 11101111 1111110 = -1.0303464e+34
1 11101111 1111111 = -1.0344029e+34
1 11110111 0000000 = -1.3292280e+36
1 11110111 0000001 = -1.3396126e+36
1 11110111 0000010 = -1.3499972e+36
1 11110111 0000100 = -1.3707664e+36
1 11110111 0001000 = -1.4123047e+36
1 11110111 0010000 = -1.4953815e+36
1 11110111 0100000 = -1.6615350e+36
1 11110111 0111111 = -1.9834574e+36
1 11110111 1000000 = -1.9938420e+36
1 11110111 1011111 = -2.3157644e+36
1 11110111 1101111 = -2.4819179e+36
1 11110111 1110111 = -2.5649946e+36
1 11110111 1111011 = -2.6065330e+36
1 11110111 1111101 = -2.6273022e+36
1 11110111 1111110 = -2.6376868e+36
1 11110111 1111111 = -2.6480714e+36
1 11111011 0000000 = -2.1267648e+37
1 11111011 0000001 = -2.1433801e+37
1 11111011 0000010 = -2.1599955e+37
1 11111011 0000100 = -2.1932262e+37
1 11111011 0001000 = -2.2596876e+37
1 11111011 0010000 = -2.3926104e+37
1 11111011 0100000 = -2.6584560e+37
1 11111011 0111111 = -3.1735318e+37
1 11111011 1000000 = -3.1901472e+37
1 11111011 1011111 = -3.7052230e+37
1 11111011 1101111 = -3.9710686e+37
1 11111011 1110111 = -4.1039914e+37
1 11111011 1111011 = -4.1704528e+37
1 11111011 1111101 = -4.2036835e+37
1 11111011 1111110 = -4.2202989e+37
1 11111011 1111111 = -4.2369142e+37
1 11111101 0000000 = -8.5070592e+37
1 11111101 0000001 = -8.5735206e+37
1 11111101 0000010 = -8.6399820e+37
1 11111101 0000100 = -8.7729048e+37
1 11111101 0001000 = -9.0387504e+37
1 11111101 0010000 = -9.5704416e+37
1 11111101 0100000 = -1.0633824e+38
1 11111101 0111111 = -1.2694127e+38
1 11111101 1000000 = -1.2760589e+38
1 11111101 1011111 = -1.4820892e+38
1 11111101 1101111 = -1.5884275e+38
1 11111101 1110111 = -1.6415966e+38
1 11111101 1111011 = -1.6681811e+38
1 11111101 1111101 = -1.6814734e+38
1 11111101 1111110 = -1.6881196e+38
1 11111101 1111111 = -1.6947657e+38
1 11111110 0000000 = -1.7014118e+38
1 11111110 0000001 = -1.7147041e+38
1 11111110 0000010 = -1.7279964e+38
1 11111110 0000100 = -1.7545810e+38
1 11111110 0001000 = -1.8077501e+38
1 11111110 0010000 = -1.9140883e+38
1 11111110 0100000 = -2.1267648e+38
1 11111110 0111111 = -2.5388255e+38
1 11111110 1000000 = -2.5521178e+38
1 11111110 1011111 = -2.9641784e+38
1 11111110 1101111 = -3.1768549e+38
1 11111110 1110111 = -3.2831931e+38
1 11111110 1111011 = -3.3363623e+38
1 11111110 1111101 = -3.3629468e+38
1 11111110 1111110 = -3.3762391e+38
1 11111110 1111111 = -3.3895314e+38
1 11111111 0000000 = -inf
1 11111111 0000001 = nan
1 11111111 0000010 = nan
1 11111111 0000100 = nan
1 11111111 0001000 = nan
1 11111111 0010000 = nan
1 11111111 0100000 = nan
1 11111111 0111111 = nan
1 11111111 1000000 = nan
1 11111111 1011111 = nan
1 11111111 1101111 = nan
1 11111111 1110111 = nan
1 11111111 1111011 = nan
1 11111111 1111101 = nan
1 11111111 1111110 = nan
1 11111111 1111111 = nan
