0 00000000 00000000000000000000000 -> 0.00000000
0 00000000 10000000000000000000000 -> 5.87747175e-39
0 00000000 01000000000000000000000 -> 2.93873588e-39
0 00000000 00100000000000000000000 -> 1.46936794e-39
0 00000000 00010000000000000000000 -> 7.34683969e-40
0 00000000 00001000000000000000000 -> 3.67341985e-40
0 00000000 00000100000000000000000 -> 1.83670992e-40
0 00000000 00000010000000000000000 -> 9.18354962e-41
0 00000000 00000001000000000000000 -> 4.59177481e-41
0 00000000 00000000100000000000000 -> 2.29588740e-41
0 00000000 00000000010000000000000 -> 1.14794370e-41
0 00000000 00000000001000000000000 -> 5.73971851e-42
0 00000000 00000000000100000000000 -> 2.86985925e-42
0 00000000 00000000000010000000000 -> 1.43492963e-42
0 00000000 00000000000001000000000 -> 7.17464814e-43
0 00000000 00000000000000100000000 -> 3.58732407e-43
0 00000000 00000000000000010000000 -> 1.79366203e-43
0 00000000 00000000000000001000000 -> 8.96831017e-44
0 00000000 00000000000000000100000 -> 4.48415509e-44
0 00000000 00000000000000000010000 -> 2.24207754e-44
0 00000000 00000000000000000001000 -> 1.12103877e-44
0 00000000 00000000000000000000100 -> 5.60519386e-45
0 00000000 00000000000000000000010 -> 2.80259693e-45
0 00000000 00000000000000000000001 -> 1.40129846e-45
0 00000000 01111111111111111111111 -> 5.87747035e-39
0 00000000 10111111111111111111111 -> 8.81620623e-39
0 00000000 11011111111111111111111 -> 1.02855742e-38
0 00000000 11101111111111111111111 -> 1.10202581e-38
0 00000000 11110111111111111111111 -> 1.13876001e-38
0 00000000 11111011111111111111111 -> 1.15712711e-38
0 00000000 11111101111111111111111 -> 1.16631066e-38
0 00000000 11111110111111111111111 -> 1.17090244e-38
0 00000000 11111111011111111111111 -> 1.17319832e-38
0 00000000 11111111101111111111111 -> 1.17434627e-38
0 00000000 11111111110111111111111 -> 1.17492024e-38
0 00000000 11111111111011111111111 -> 1.17520722e-38
0 00000000 11111111111101111111111 -> 1.17535072e-38
0 00000000 11111111111110111111111 -> 1.17542246e-38
0 00000000 11111111111111011111111 -> 1.17545834e-38
0 00000000 11111111111111101111111 -> 1.17547627e-38
0 00000000 11111111111111110111111 -> 1.17548524e-38
0 00000000 11111111111111111011111 -> 1.17548973e-38
0 00000000 11111111111111111101111 -> 1.17549197e-38
0 00000000 11111111111111111110111 -> 1.17549309e-38
0 00000000 11111111111111111111011 -> 1.17549365e-38
0 00000000 11111111111111111111101 -> 1.17549393e-38
0 00000000 11111111111111111111110 -> 1.17549407e-38
0 00000000 11111111111111111111111 -> 1.17549421e-38
0 10000000 00000000000000000000000 -> 2.00000000
0 10000000 10000000000000000000000 -> 3.00000000
0 10000000 01000000000000000000000 -> 2.50000000
0 10000000 00100000000000000000000 -> 2.25000000
0 10000000 00010000000000000000000 -> 2.12500000
0 10000000 00001000000000000000000 -> 2.06250000
0 10000000 00000100000000000000000 -> 2.03125000
0 10000000 00000010000000000000000 -> 2.01562500
0 10000000 00000001000000000000000 -> 2.00781250
0 10000000 00000000100000000000000 -> 2.00390625
0 10000000 00000000010000000000000 -> 2.00195312
0 10000000 00000000001000000000000 -> 2.00097656
0 10000000 00000000000100000000000 -> 2.00048828
0 10000000 00000000000010000000000 -> 2.00024414
0 10000000 00000000000001000000000 -> 2.00012207
0 10000000 00000000000000100000000 -> 2.00006104
0 10000000 00000000000000010000000 -> 2.00003052
0 10000000 00000000000000001000000 -> 2.00001526
0 10000000 00000000000000000100000 -> 2.00000763
0 10000000 00000000000000000010000 -> 2.00000381
0 10000000 00000000000000000001000 -> 2.00000191
0 10000000 00000000000000000000100 -> 2.00000095
0 10000000 00000000000000000000010 -> 2.00000048
0 10000000 00000000000000000000001 -> 2.00000024
0 10000000 01111111111111111111111 -> 2.99999976
0 10000000 10111111111111111111111 -> 3.49999976
0 10000000 11011111111111111111111 -> 3.74999976
0 10000000 11101111111111111111111 -> 3.87499976
0 10000000 11110111111111111111111 -> 3.93749976
0 10000000 11111011111111111111111 -> 3.96874976
0 10000000 11111101111111111111111 -> 3.98437476
0 10000000 11111110111111111111111 -> 3.99218726
0 10000000 11111111011111111111111 -> 3.99609351
0 10000000 11111111101111111111111 -> 3.99804664
0 10000000 11111111110111111111111 -> 3.99902320
0 10000000 11111111111011111111111 -> 3.99951148
0 10000000 11111111111101111111111 -> 3.99975562
0 10000000 11111111111110111111111 -> 3.99987769
0 10000000 11111111111111011111111 -> 3.99993873
0 10000000 11111111111111101111111 -> 3.99996924
0 10000000 11111111111111110111111 -> 3.99998450
0 10000000 11111111111111111011111 -> 3.99999213
0 10000000 11111111111111111101111 -> 3.99999595
0 10000000 11111111111111111110111 -> 3.99999785
0 10000000 11111111111111111111011 -> 3.99999881
0 10000000 11111111111111111111101 -> 3.99999928
0 10000000 11111111111111111111110 -> 3.99999952
0 10000000 11111111111111111111111 -> 3.99999976
0 01000000 00000000000000000000000 -> 1.08420217e-19
0 01000000 10000000000000000000000 -> 1.62630326e-19
0 01000000 01000000000000000000000 -> 1.35525272e-19
0 01000000 00100000000000000000000 -> 1.21972744e-19
0 01000000 00010000000000000000000 -> 1.15196481e-19
0 01000000 00001000000000000000000 -> 1.11808349e-19
0 01000000 00000100000000000000000 -> 1.10114283e-19
0 01000000 00000010000000000000000 -> 1.09267250e-19
0 01000000 00000001000000000000000 -> 1.08843734e-19
0 01000000 00000000100000000000000 -> 1.08631975e-19
0 01000000 00000000010000000000000 -> 1.08526096e-19
0 01000000 00000000001000000000000 -> 1.08473157e-19
0 01000000 00000000000100000000000 -> 1.08446687e-19
0 01000000 00000000000010000000000 -> 1.08433452e-19
0 01000000 00000000000001000000000 -> 1.08426835e-19
0 01000000 00000000000000100000000 -> 1.08423526e-19
0 01000000 00000000000000010000000 -> 1.08421872e-19
0 01000000 00000000000000001000000 -> 1.08421044e-19
0 01000000 00000000000000000100000 -> 1.08420631e-19
0 01000000 00000000000000000010000 -> 1.08420424e-19
0 01000000 00000000000000000001000 -> 1.08420321e-19
0 01000000 00000000000000000000100 -> 1.08420269e-19
0 01000000 00000000000000000000010 -> 1.08420243e-19
0 01000000 00000000000000000000001 -> 1.08420230e-19
0 01000000 01111111111111111111111 -> 1.62630313e-19
0 01000000 10111111111111111111111 -> 1.89735367e-19
0 01000000 11011111111111111111111 -> 2.03287894e-19
0 01000000 11101111111111111111111 -> 2.10064158e-19
0 01000000 11110111111111111111111 -> 2.13452290e-19
0 01000000 11111011111111111111111 -> 2.15146356e-19
0 01000000 11111101111111111111111 -> 2.15993389e-19
0 01000000 11111110111111111111111 -> 2.16416905e-19
0 01000000 11111111011111111111111 -> 2.16628663e-19
0 01000000 11111111101111111111111 -> 2.16734542e-19
0 01000000 11111111110111111111111 -> 2.16787482e-19
0 01000000 11111111111011111111111 -> 2.16813952e-19
0 01000000 11111111111101111111111 -> 2.16827187e-19
0 01000000 11111111111110111111111 -> 2.16833804e-19
0 01000000 11111111111111011111111 -> 2.16837113e-19
0 01000000 11111111111111101111111 -> 2.16838767e-19
0 01000000 11111111111111110111111 -> 2.16839594e-19
0 01000000 11111111111111111011111 -> 2.16840008e-19
0 01000000 11111111111111111101111 -> 2.16840215e-19
0 01000000 11111111111111111110111 -> 2.16840318e-19
0 01000000 11111111111111111111011 -> 2.16840370e-19
0 01000000 11111111111111111111101 -> 2.16840396e-19
0 01000000 11111111111111111111110 -> 2.16840409e-19
0 01000000 11111111111111111111111 -> 2.16840422e-19
0 00100000 00000000000000000000000 -> 2.52435490e-29
0 00100000 10000000000000000000000 -> 3.78653235e-29
0 00100000 01000000000000000000000 -> 3.15544362e-29
0 00100000 00100000000000000000000 -> 2.83989926e-29
0 00100000 00010000000000000000000 -> 2.68212708e-29
0 00100000 00001000000000000000000 -> 2.60324099e-29
0 00100000 00000100000000000000000 -> 2.56379794e-29
0 00100000 00000010000000000000000 -> 2.54407642e-29
0 00100000 00000001000000000000000 -> 2.53421566e-29
0 00100000 00000000100000000000000 -> 2.52928528e-29
0 00100000 00000000010000000000000 -> 2.52682009e-29
0 00100000 00000000001000000000000 -> 2.52558749e-29
0 00100000 00000000000100000000000 -> 2.52497119e-29
0 00100000 00000000000010000000000 -> 2.52466305e-29
0 00100000 00000000000001000000000 -> 2.52450897e-29
0 00100000 00000000000000100000000 -> 2.52443193e-29
0 00100000 00000000000000010000000 -> 2.52439342e-29
0 00100000 00000000000000001000000 -> 2.52437416e-29
0 00100000 00000000000000000100000 -> 2.52436453e-29
0 00100000 00000000000000000010000 -> 2.52435971e-29
0 00100000 00000000000000000001000 -> 2.52435730e-29
0 00100000 00000000000000000000100 -> 2.52435610e-29
0 00100000 00000000000000000000010 -> 2.52435550e-29
0 00100000 00000000000000000000001 -> 2.52435520e-29
0 00100000 01111111111111111111111 -> 3.78653204e-29
0 00100000 10111111111111111111111 -> 4.41762077e-29
0 00100000 11011111111111111111111 -> 4.73316513e-29
0 00100000 11101111111111111111111 -> 4.89093731e-29
0 00100000 11110111111111111111111 -> 4.96982340e-29
0 00100000 11111011111111111111111 -> 5.00926645e-29
0 00100000 11111101111111111111111 -> 5.02898797e-29
0 00100000 11111110111111111111111 -> 5.03884873e-29
0 00100000 11111111011111111111111 -> 5.04377911e-29
0 00100000 11111111101111111111111 -> 5.04624430e-29
0 00100000 11111111110111111111111 -> 5.04747690e-29
0 00100000 11111111111011111111111 -> 5.04809319e-29
0 00100000 11111111111101111111111 -> 5.04840134e-29
0 00100000 11111111111110111111111 -> 5.04855542e-29
0 00100000 11111111111111011111111 -> 5.04863246e-29
0 00100000 11111111111111101111111 -> 5.04867097e-29
0 00100000 11111111111111110111111 -> 5.04869023e-29
0 00100000 11111111111111111011111 -> 5.04869986e-29
0 00100000 11111111111111111101111 -> 5.04870468e-29
0 00100000 11111111111111111110111 -> 5.04870709e-29
0 00100000 11111111111111111111011 -> 5.04870829e-29
0 00100000 11111111111111111111101 -> 5.04870889e-29
0 00100000 11111111111111111111110 -> 5.04870919e-29
0 00100000 11111111111111111111111 -> 5.04870949e-29
0 00010000 00000000000000000000000 -> 3.85185989e-34
0 00010000 10000000000000000000000 -> 5.77778983e-34
0 00010000 01000000000000000000000 -> 4.81482486e-34
0 00010000 00100000000000000000000 -> 4.33334237e-34
0 00010000 00010000000000000000000 -> 4.09260113e-34
0 00010000 00001000000000000000000 -> 3.97223051e-34
0 00010000 00000100000000000000000 -> 3.91204520e-34
0 00010000 00000010000000000000000 -> 3.88195254e-34
0 00010000 00000001000000000000000 -> 3.86690622e-34
0 00010000 00000000100000000000000 -> 3.85938305e-34
0 00010000 00000000010000000000000 -> 3.85562147e-34
0 00010000 00000000001000000000000 -> 3.85374068e-34
0 00010000 00000000000100000000000 -> 3.85280028e-34
0 00010000 00000000000010000000000 -> 3.85233009e-34
0 00010000 00000000000001000000000 -> 3.85209499e-34
0 00010000 00000000000000100000000 -> 3.85197744e-34
0 00010000 00000000000000010000000 -> 3.85191866e-34
0 00010000 00000000000000001000000 -> 3.85188928e-34
0 00010000 00000000000000000100000 -> 3.85187458e-34
0 00010000 00000000000000000010000 -> 3.85186724e-34
0 00010000 00000000000000000001000 -> 3.85186356e-34
0 00010000 00000000000000000000100 -> 3.85186173e-34
0 00010000 00000000000000000000010 -> 3.85186081e-34
0 00010000 00000000000000000000001 -> 3.85186035e-34
0 00010000 01111111111111111111111 -> 5.77778937e-34
0 00010000 10111111111111111111111 -> 6.74075435e-34
0 00010000 11011111111111111111111 -> 7.22223683e-34
0 00010000 11101111111111111111111 -> 7.46297808e-34
0 00010000 11110111111111111111111 -> 7.58334870e-34
0 00010000 11111011111111111111111 -> 7.64353401e-34
0 00010000 11111101111111111111111 -> 7.67362666e-34
0 00010000 11111110111111111111111 -> 7.68867299e-34
0 00010000 11111111011111111111111 -> 7.69619615e-34
0 00010000 11111111101111111111111 -> 7.69995774e-34
0 00010000 11111111110111111111111 -> 7.70183853e-34
0 00010000 11111111111011111111111 -> 7.70277892e-34
0 00010000 11111111111101111111111 -> 7.70324912e-34
0 00010000 11111111111110111111111 -> 7.70348422e-34
0 00010000 11111111111111011111111 -> 7.70360177e-34
0 00010000 11111111111111101111111 -> 7.70366054e-34
0 00010000 11111111111111110111111 -> 7.70368993e-34
0 00010000 11111111111111111011111 -> 7.70370462e-34
0 00010000 11111111111111111101111 -> 7.70371197e-34
0 00010000 11111111111111111110111 -> 7.70371564e-34
0 00010000 11111111111111111111011 -> 7.70371748e-34
0 00010000 11111111111111111111101 -> 7.70371840e-34
0 00010000 11111111111111111111110 -> 7.70371886e-34
0 00010000 11111111111111111111111 -> 7.70371932e-34
0 00001000 00000000000000000000000 -> 1.50463277e-36
0 00001000 10000000000000000000000 -> 2.25694915e-36
0 00001000 01000000000000000000000 -> 1.88079096e-36
0 00001000 00100000000000000000000 -> 1.69271187e-36
0 00001000 00010000000000000000000 -> 1.59867232e-36
0 00001000 00001000000000000000000 -> 1.55165254e-36
0 00001000 00000100000000000000000 -> 1.52814266e-36
0 00001000 00000010000000000000000 -> 1.51638771e-36
0 00001000 00000001000000000000000 -> 1.51051024e-36
0 00001000 00000000100000000000000 -> 1.50757150e-36
0 00001000 00000000010000000000000 -> 1.50610214e-36
0 00001000 00000000001000000000000 -> 1.50536745e-36
0 00001000 00000000000100000000000 -> 1.50500011e-36
0 00001000 00000000000010000000000 -> 1.50481644e-36
0 00001000 00000000000001000000000 -> 1.50472460e-36
0 00001000 00000000000000100000000 -> 1.50467869e-36
0 00001000 00000000000000010000000 -> 1.50465573e-36
0 00001000 00000000000000001000000 -> 1.50464425e-36
0 00001000 00000000000000000100000 -> 1.50463851e-36
0 00001000 00000000000000000010000 -> 1.50463564e-36
0 00001000 00000000000000000001000 -> 1.50463420e-36
0 00001000 00000000000000000000100 -> 1.50463349e-36
0 00001000 00000000000000000000010 -> 1.50463313e-36
0 00001000 00000000000000000000001 -> 1.50463295e-36
0 00001000 01111111111111111111111 -> 2.25694897e-36
0 00001000 10111111111111111111111 -> 2.63310717e-36
0 00001000 11011111111111111111111 -> 2.82118626e-36
0 00001000 11101111111111111111111 -> 2.91522581e-36
0 00001000 11110111111111111111111 -> 2.96224558e-36
0 00001000 11111011111111111111111 -> 2.98575547e-36
0 00001000 11111101111111111111111 -> 2.99751042e-36
0 00001000 11111110111111111111111 -> 3.00338789e-36
0 00001000 11111111011111111111111 -> 3.00632662e-36
0 00001000 11111111101111111111111 -> 3.00779599e-36
0 00001000 11111111110111111111111 -> 3.00853067e-36
0 00001000 11111111111011111111111 -> 3.00889802e-36
0 00001000 11111111111101111111111 -> 3.00908169e-36
0 00001000 11111111111110111111111 -> 3.00917352e-36
0 00001000 11111111111111011111111 -> 3.00921944e-36
0 00001000 11111111111111101111111 -> 3.00924240e-36
0 00001000 11111111111111110111111 -> 3.00925388e-36
0 00001000 11111111111111111011111 -> 3.00925962e-36
0 00001000 11111111111111111101111 -> 3.00926249e-36
0 00001000 11111111111111111110111 -> 3.00926392e-36
0 00001000 11111111111111111111011 -> 3.00926464e-36
0 00001000 11111111111111111111101 -> 3.00926500e-36
0 00001000 11111111111111111111110 -> 3.00926518e-36
0 00001000 11111111111111111111111 -> 3.00926536e-36
0 00000100 00000000000000000000000 -> 9.40395481e-38
0 00000100 10000000000000000000000 -> 1.41059322e-37
0 00000100 01000000000000000000000 -> 1.17549435e-37
0 00000100 00100000000000000000000 -> 1.05794492e-37
0 00000100 00010000000000000000000 -> 9.99170198e-38
0 00000100 00001000000000000000000 -> 9.69782839e-38
0 00000100 00000100000000000000000 -> 9.55089160e-38
0 00000100 00000010000000000000000 -> 9.47742320e-38
0 00000100 00000001000000000000000 -> 9.44068901e-38
0 00000100 00000000100000000000000 -> 9.42232191e-38
0 00000100 00000000010000000000000 -> 9.41313836e-38
0 00000100 00000000001000000000000 -> 9.40854658e-38
0 00000100 00000000000100000000000 -> 9.40625069e-38
0 00000100 00000000000010000000000 -> 9.40510275e-38
0 00000100 00000000000001000000000 -> 9.40452878e-38
0 00000100 00000000000000100000000 -> 9.40424179e-38
0 00000100 00000000000000010000000 -> 9.40409830e-38
0 00000100 00000000000000001000000 -> 9.40402655e-38
0 00000100 00000000000000000100000 -> 9.40399068e-38
0 00000100 00000000000000000010000 -> 9.40397274e-38
0 00000100 00000000000000000001000 -> 9.40396377e-38
0 00000100 00000000000000000000100 -> 9.40395929e-38
0 00000100 00000000000000000000010 -> 9.40395705e-38
0 00000100 00000000000000000000001 -> 9.40395593e-38
0 00000100 01111111111111111111111 -> 1.41059311e-37
0 00000100 10111111111111111111111 -> 1.64569198e-37
0 00000100 11011111111111111111111 -> 1.76324141e-37
0 00000100 11101111111111111111111 -> 1.82201613e-37
0 00000100 11110111111111111111111 -> 1.85140349e-37
0 00000100 11111011111111111111111 -> 1.86609717e-37
0 00000100 11111101111111111111111 -> 1.87344401e-37
0 00000100 11111110111111111111111 -> 1.87711743e-37
0 00000100 11111111011111111111111 -> 1.87895414e-37
0 00000100 11111111101111111111111 -> 1.87987249e-37
0 00000100 11111111110111111111111 -> 1.88033167e-37
0 00000100 11111111111011111111111 -> 1.88056126e-37
0 00000100 11111111111101111111111 -> 1.88067605e-37
0 00000100 11111111111110111111111 -> 1.88073345e-37
0 00000100 11111111111111011111111 -> 1.88076215e-37
0 00000100 11111111111111101111111 -> 1.88077650e-37
0 00000100 11111111111111110111111 -> 1.88078367e-37
0 00000100 11111111111111111011111 -> 1.88078726e-37
0 00000100 11111111111111111101111 -> 1.88078906e-37
0 00000100 11111111111111111110111 -> 1.88078995e-37
0 00000100 11111111111111111111011 -> 1.88079040e-37
0 00000100 11111111111111111111101 -> 1.88079063e-37
0 00000100 11111111111111111111110 -> 1.88079074e-37
0 00000100 11111111111111111111111 -> 1.88079085e-37
0 00000010 00000000000000000000000 -> 2.35098870e-38
0 00000010 10000000000000000000000 -> 3.52648305e-38
0 00000010 01000000000000000000000 -> 2.93873588e-38
0 00000010 00100000000000000000000 -> 2.64486229e-38
0 00000010 00010000000000000000000 -> 2.49792550e-38
0 00000010 00001000000000000000000 -> 2.42445710e-38
0 00000010 00000100000000000000000 -> 2.38772290e-38
0 00000010 00000010000000000000000 -> 2.36935580e-38
0 00000010 00000001000000000000000 -> 2.36017225e-38
0 00000010 00000000100000000000000 -> 2.35558048e-38
0 00000010 00000000010000000000000 -> 2.35328459e-38
0 00000010 00000000001000000000000 -> 2.35213665e-38
0 00000010 00000000000100000000000 -> 2.35156267e-38
0 00000010 00000000000010000000000 -> 2.35127569e-38
0 00000010 00000000000001000000000 -> 2.35113219e-38
0 00000010 00000000000000100000000 -> 2.35106045e-38
0 00000010 00000000000000010000000 -> 2.35102457e-38
0 00000010 00000000000000001000000 -> 2.35100664e-38
0 00000010 00000000000000000100000 -> 2.35099767e-38
0 00000010 00000000000000000010000 -> 2.35099319e-38
0 00000010 00000000000000000001000 -> 2.35099094e-38
0 00000010 00000000000000000000100 -> 2.35098982e-38
0 00000010 00000000000000000000010 -> 2.35098926e-38
0 00000010 00000000000000000000001 -> 2.35098898e-38
0 00000010 01111111111111111111111 -> 3.52648277e-38
0 00000010 10111111111111111111111 -> 4.11422995e-38
0 00000010 11011111111111111111111 -> 4.40810354e-38
0 00000010 11101111111111111111111 -> 4.55504033e-38
0 00000010 11110111111111111111111 -> 4.62850873e-38
0 00000010 11111011111111111111111 -> 4.66524292e-38
0 00000010 11111101111111111111111 -> 4.68361002e-38
0 00000010 11111110111111111111111 -> 4.69279357e-38
0 00000010 11111111011111111111111 -> 4.69738535e-38
0 00000010 11111111101111111111111 -> 4.69968124e-38
0 00000010 11111111110111111111111 -> 4.70082918e-38
0 00000010 11111111111011111111111 -> 4.70140315e-38
0 00000010 11111111111101111111111 -> 4.70169014e-38
0 00000010 11111111111110111111111 -> 4.70183363e-38
0 00000010 11111111111111011111111 -> 4.70190538e-38
0 00000010 11111111111111101111111 -> 4.70194125e-38
0 00000010 11111111111111110111111 -> 4.70195919e-38
0 00000010 11111111111111111011111 -> 4.70196815e-38
0 00000010 11111111111111111101111 -> 4.70197264e-38
0 00000010 11111111111111111110111 -> 4.70197488e-38
0 00000010 11111111111111111111011 -> 4.70197600e-38
0 00000010 11111111111111111111101 -> 4.70197656e-38
0 00000010 11111111111111111111110 -> 4.70197684e-38
0 00000010 11111111111111111111111 -> 4.70197712e-38
0 00000001 00000000000000000000000 -> 1.17549435e-38
0 00000001 10000000000000000000000 -> 1.76324153e-38
0 00000001 01000000000000000000000 -> 1.46936794e-38
0 00000001 00100000000000000000000 -> 1.32243114e-38
0 00000001 00010000000000000000000 -> 1.24896275e-38
0 00000001 00001000000000000000000 -> 1.21222855e-38
0 00000001 00000100000000000000000 -> 1.19386145e-38
0 00000001 00000010000000000000000 -> 1.18467790e-38
0 00000001 00000001000000000000000 -> 1.18008613e-38
0 00000001 00000000100000000000000 -> 1.17779024e-38
0 00000001 00000000010000000000000 -> 1.17664229e-38
0 00000001 00000000001000000000000 -> 1.17606832e-38
0 00000001 00000000000100000000000 -> 1.17578134e-38
0 00000001 00000000000010000000000 -> 1.17563784e-38
0 00000001 00000000000001000000000 -> 1.17556610e-38
0 00000001 00000000000000100000000 -> 1.17553022e-38
0 00000001 00000000000000010000000 -> 1.17551229e-38
0 00000001 00000000000000001000000 -> 1.17550332e-38
0 00000001 00000000000000000100000 -> 1.17549883e-38
0 00000001 00000000000000000010000 -> 1.17549659e-38
0 00000001 00000000000000000001000 -> 1.17549547e-38
0 00000001 00000000000000000000100 -> 1.17549491e-38
0 00000001 00000000000000000000010 -> 1.17549463e-38
0 00000001 00000000000000000000001 -> 1.17549449e-38
0 00000001 01111111111111111111111 -> 1.76324139e-38
0 00000001 10111111111111111111111 -> 2.05711497e-38
0 00000001 11011111111111111111111 -> 2.20405177e-38
0 00000001 11101111111111111111111 -> 2.27752016e-38
0 00000001 11110111111111111111111 -> 2.31425436e-38
0 00000001 11111011111111111111111 -> 2.33262146e-38
0 00000001 11111101111111111111111 -> 2.34180501e-38
0 00000001 11111110111111111111111 -> 2.34639679e-38
0 00000001 11111111011111111111111 -> 2.34869267e-38
0 00000001 11111111101111111111111 -> 2.34984062e-38
0 00000001 11111111110111111111111 -> 2.35041459e-38
0 00000001 11111111111011111111111 -> 2.35070158e-38
0 00000001 11111111111101111111111 -> 2.35084507e-38
0 00000001 11111111111110111111111 -> 2.35091682e-38
0 00000001 11111111111111011111111 -> 2.35095269e-38
0 00000001 11111111111111101111111 -> 2.35097062e-38
0 00000001 11111111111111110111111 -> 2.35097959e-38
0 00000001 11111111111111111011111 -> 2.35098408e-38
0 00000001 11111111111111111101111 -> 2.35098632e-38
0 00000001 11111111111111111110111 -> 2.35098744e-38
0 00000001 11111111111111111111011 -> 2.35098800e-38
0 00000001 11111111111111111111101 -> 2.35098828e-38
0 00000001 11111111111111111111110 -> 2.35098842e-38
0 00000001 11111111111111111111111 -> 2.35098856e-38
0 01111111 00000000000000000000000 -> 1.00000000
0 01111111 10000000000000000000000 -> 1.50000000
0 01111111 01000000000000000000000 -> 1.25000000
0 01111111 00100000000000000000000 -> 1.12500000
0 01111111 00010000000000000000000 -> 1.06250000
0 01111111 00001000000000000000000 -> 1.03125000
0 01111111 00000100000000000000000 -> 1.01562500
0 01111111 00000010000000000000000 -> 1.00781250
0 01111111 00000001000000000000000 -> 1.00390625
0 01111111 00000000100000000000000 -> 1.00195312
0 01111111 00000000010000000000000 -> 1.00097656
0 01111111 00000000001000000000000 -> 1.00048828
0 01111111 00000000000100000000000 -> 1.00024414
0 01111111 00000000000010000000000 -> 1.00012207
0 01111111 00000000000001000000000 -> 1.00006104
0 01111111 00000000000000100000000 -> 1.00003052
0 01111111 00000000000000010000000 -> 1.00001526
0 01111111 00000000000000001000000 -> 1.00000763
0 01111111 00000000000000000100000 -> 1.00000381
0 01111111 00000000000000000010000 -> 1.00000191
0 01111111 00000000000000000001000 -> 1.00000095
0 01111111 00000000000000000000100 -> 1.00000048
0 01111111 00000000000000000000010 -> 1.00000024
0 01111111 00000000000000000000001 -> 1.00000012
0 01111111 01111111111111111111111 -> 1.49999988
0 01111111 10111111111111111111111 -> 1.74999988
0 01111111 11011111111111111111111 -> 1.87499988
0 01111111 11101111111111111111111 -> 1.93749988
0 01111111 11110111111111111111111 -> 1.96874988
0 01111111 11111011111111111111111 -> 1.98437488
0 01111111 11111101111111111111111 -> 1.99218738
0 01111111 11111110111111111111111 -> 1.99609363
0 01111111 11111111011111111111111 -> 1.99804676
0 01111111 11111111101111111111111 -> 1.99902332
0 01111111 11111111110111111111111 -> 1.99951160
0 01111111 11111111111011111111111 -> 1.99975574
0 01111111 11111111111101111111111 -> 1.99987781
0 01111111 11111111111110111111111 -> 1.99993885
0 01111111 11111111111111011111111 -> 1.99996936
0 01111111 11111111111111101111111 -> 1.99998462
0 01111111 11111111111111110111111 -> 1.99999225
0 01111111 11111111111111111011111 -> 1.99999607
0 01111111 11111111111111111101111 -> 1.99999797
0 01111111 11111111111111111110111 -> 1.99999893
0 01111111 11111111111111111111011 -> 1.99999940
0 01111111 11111111111111111111101 -> 1.99999964
0 01111111 11111111111111111111110 -> 1.99999976
0 01111111 11111111111111111111111 -> 1.99999988
0 10111111 00000000000000000000000 -> 1.84467441e+19
0 10111111 10000000000000000000000 -> 2.76701161e+19
0 10111111 01000000000000000000000 -> 2.30584301e+19
0 10111111 00100000000000000000000 -> 2.07525871e+19
0 10111111 00010000000000000000000 -> 1.95996656e+19
0 10111111 00001000000000000000000 -> 1.90232048e+19
0 10111111 00000100000000000000000 -> 1.87349744e+19
0 10111111 00000010000000000000000 -> 1.85908593e+19
0 10111111 00000001000000000000000 -> 1.85188017e+19
0 10111111 00000000100000000000000 -> 1.84827729e+19
0 10111111 00000000010000000000000 -> 1.84647585e+19
0 10111111 00000000001000000000000 -> 1.84557513e+19
0 10111111 00000000000100000000000 -> 1.84512477e+19
0 10111111 00000000000010000000000 -> 1.84489959e+19
0 10111111 00000000000001000000000 -> 1.84478700e+19
0 10111111 00000000000000100000000 -> 1.84473070e+19
0 10111111 00000000000000010000000 -> 1.84470255e+19
0 10111111 00000000000000001000000 -> 1.84468848e+19
0 10111111 00000000000000000100000 -> 1.84468144e+19
0 10111111 00000000000000000010000 -> 1.84467793e+19
0 10111111 00000000000000000001000 -> 1.84467617e+19
0 10111111 00000000000000000000100 -> 1.84467529e+19
0 10111111 00000000000000000000010 -> 1.84467485e+19
0 10111111 00000000000000000000001 -> 1.84467463e+19
0 10111111 01111111111111111111111 -> 2.76701139e+19
0 10111111 10111111111111111111111 -> 3.22817999e+19
0 10111111 11011111111111111111111 -> 3.45876429e+19
0 10111111 11101111111111111111111 -> 3.57405644e+19
0 10111111 11110111111111111111111 -> 3.63170252e+19
0 10111111 11111011111111111111111 -> 3.66052556e+19
0 10111111 11111101111111111111111 -> 3.67493708e+19
0 10111111 11111110111111111111111 -> 3.68214284e+19
0 10111111 11111111011111111111111 -> 3.68574572e+19
0 10111111 11111111101111111111111 -> 3.68754715e+19
0 10111111 11111111110111111111111 -> 3.68844787e+19
0 10111111 11111111111011111111111 -> 3.68889823e+19
0 10111111 11111111111101111111111 -> 3.68912341e+19
0 10111111 11111111111110111111111 -> 3.68923600e+19
0 10111111 11111111111111011111111 -> 3.68929230e+19
0 10111111 11111111111111101111111 -> 3.68932045e+19
0 10111111 11111111111111110111111 -> 3.68933452e+19
0 10111111 11111111111111111011111 -> 3.68934156e+19
0 10111111 11111111111111111101111 -> 3.68934508e+19
0 10111111 11111111111111111110111 -> 3.68934684e+19
0 10111111 11111111111111111111011 -> 3.68934772e+19
0 10111111 11111111111111111111101 -> 3.68934816e+19
0 10111111 11111111111111111111110 -> 3.68934837e+19
0 10111111 11111111111111111111111 -> 3.68934859e+19
0 11011111 00000000000000000000000 -> 7.92281625e+28
0 11011111 10000000000000000000000 -> 1.18842244e+29
0 11011111 01000000000000000000000 -> 9.90352031e+28
0 11011111 00100000000000000000000 -> 8.91316828e+28
0 11011111 00010000000000000000000 -> 8.41799227e+28
0 11011111 00001000000000000000000 -> 8.17040426e+28
0 11011111 00000100000000000000000 -> 8.04661026e+28
0 11011111 00000010000000000000000 -> 7.98471325e+28
0 11011111 00000001000000000000000 -> 7.95376475e+28
0 11011111 00000000100000000000000 -> 7.93829050e+28
0 11011111 00000000010000000000000 -> 7.93055338e+28
0 11011111 00000000001000000000000 -> 7.92668481e+28
0 11011111 00000000000100000000000 -> 7.92475053e+28
0 11011111 00000000000010000000000 -> 7.92378339e+28
0 11011111 00000000000001000000000 -> 7.92329982e+28
0 11011111 00000000000000100000000 -> 7.92305804e+28
0 11011111 00000000000000010000000 -> 7.92293714e+28
0 11011111 00000000000000001000000 -> 7.92287670e+28
0 11011111 00000000000000000100000 -> 7.92284647e+28
0 11011111 00000000000000000010000 -> 7.92283136e+28
0 11011111 00000000000000000001000 -> 7.92282381e+28
0 11011111 00000000000000000000100 -> 7.92282003e+28
0 11011111 00000000000000000000010 -> 7.92281814e+28
0 11011111 00000000000000000000001 -> 7.92281720e+28
0 11011111 01111111111111111111111 -> 1.18842234e+29
0 11011111 10111111111111111111111 -> 1.38649275e+29
0 11011111 11011111111111111111111 -> 1.48552795e+29
0 11011111 11101111111111111111111 -> 1.53504555e+29
0 11011111 11110111111111111111111 -> 1.55980436e+29
0 11011111 11111011111111111111111 -> 1.57218376e+29
0 11011111 11111101111111111111111 -> 1.57837346e+29
0 11011111 11111110111111111111111 -> 1.58146831e+29
0 11011111 11111111011111111111111 -> 1.58301573e+29
0 11011111 11111111101111111111111 -> 1.58378944e+29
0 11011111 11111111110111111111111 -> 1.58417630e+29
0 11011111 11111111111011111111111 -> 1.58436973e+29
0 11011111 11111111111101111111111 -> 1.58446644e+29
0 11011111 11111111111110111111111 -> 1.58451480e+29
0 11011111 11111111111111011111111 -> 1.58453898e+29
0 11011111 11111111111111101111111 -> 1.58455107e+29
0 11011111 11111111111111110111111 -> 1.58455711e+29
0 11011111 11111111111111111011111 -> 1.58456013e+29
0 11011111 11111111111111111101111 -> 1.58456164e+29
0 11011111 11111111111111111110111 -> 1.58456240e+29
0 11011111 11111111111111111111011 -> 1.58456278e+29
0 11011111 11111111111111111111101 -> 1.58456297e+29
0 11011111 11111111111111111111110 -> 1.58456306e+29
0 11011111 11111111111111111111111 -> 1.58456316e+29
0 11101111 00000000000000000000000 -> 5.19229686e+33
0 11101111 10000000000000000000000 -> 7.78844529e+33
0 11101111 01000000000000000000000 -> 6.49037107e+33
0 11101111 00100000000000000000000 -> 5.84133397e+33
0 11101111 00010000000000000000000 -> 5.51681541e+33
0 11101111 00001000000000000000000 -> 5.35455614e+33
0 11101111 00000100000000000000000 -> 5.27342650e+33
0 11101111 00000010000000000000000 -> 5.23286168e+33
0 11101111 00000001000000000000000 -> 5.21257927e+33
0 11101111 00000000100000000000000 -> 5.20243806e+33
0 11101111 00000000010000000000000 -> 5.19736746e+33
0 11101111 00000000001000000000000 -> 5.19483216e+33
0 11101111 00000000000100000000000 -> 5.19356451e+33
0 11101111 00000000000010000000000 -> 5.19293068e+33
0 11101111 00000000000001000000000 -> 5.19261377e+33
0 11101111 00000000000000100000000 -> 5.19245531e+33
0 11101111 00000000000000010000000 -> 5.19237609e+33
0 11101111 00000000000000001000000 -> 5.19233647e+33
0 11101111 00000000000000000100000 -> 5.19231667e+33
0 11101111 00000000000000000010000 -> 5.19230676e+33
0 11101111 00000000000000000001000 -> 5.19230181e+33
0 11101111 00000000000000000000100 -> 5.19229933e+33
0 11101111 00000000000000000000010 -> 5.19229810e+33
0 11101111 00000000000000000000001 -> 5.19229748e+33
0 11101111 01111111111111111111111 -> 7.78844467e+33
0 11101111 10111111111111111111111 -> 9.08651888e+33
0 11101111 11011111111111111111111 -> 9.73555599e+33
0 11101111 11101111111111111111111 -> 1.00600745e+34
0 11101111 11110111111111111111111 -> 1.02223338e+34
0 11101111 11111011111111111111111 -> 1.03034635e+34
0 11101111 11111101111111111111111 -> 1.03440283e+34
0 11101111 11111110111111111111111 -> 1.03643107e+34
0 11101111 11111111011111111111111 -> 1.03744519e+34
0 11101111 11111111101111111111111 -> 1.03795225e+34
0 11101111 11111111110111111111111 -> 1.03820578e+34
0 11101111 11111111111011111111111 -> 1.03833254e+34
0 11101111 11111111111101111111111 -> 1.03839593e+34
0 11101111 11111111111110111111111 -> 1.03842762e+34
0 11101111 11111111111111011111111 -> 1.03844346e+34
0 11101111 11111111111111101111111 -> 1.03845139e+34
0 11101111 11111111111111110111111 -> 1.03845535e+34
0 11101111 11111111111111111011111 -> 1.03845733e+34
0 11101111 11111111111111111101111 -> 1.03845832e+34
0 11101111 11111111111111111110111 -> 1.03845881e+34
0 11101111 11111111111111111111011 -> 1.03845906e+34
0 11101111 11111111111111111111101 -> 1.03845919e+34
0 11101111 11111111111111111111110 -> 1.03845925e+34
0 11101111 11111111111111111111111 -> 1.03845931e+34
0 11110111 00000000000000000000000 -> 1.32922800e+36
0 11110111 10000000000000000000000 -> 1.99384199e+36
0 11110111 01000000000000000000000 -> 1.66153499e+36
0 11110111 00100000000000000000000 -> 1.49538150e+36
0 11110111 00010000000000000000000 -> 1.41230475e+36
0 11110111 00001000000000000000000 -> 1.37076637e+36
0 11110111 00000100000000000000000 -> 1.34999718e+36
0 11110111 00000010000000000000000 -> 1.33961259e+36
0 11110111 00000001000000000000000 -> 1.33442029e+36
0 11110111 00000000100000000000000 -> 1.33182414e+36
0 11110111 00000000010000000000000 -> 1.33052607e+36
0 11110111 00000000001000000000000 -> 1.32987703e+36
0 11110111 00000000000100000000000 -> 1.32955251e+36
0 11110111 00000000000010000000000 -> 1.32939026e+36
0 11110111 00000000000001000000000 -> 1.32930913e+36
0 11110111 00000000000000100000000 -> 1.32926856e+36
0 11110111 00000000000000010000000 -> 1.32924828e+36
0 11110111 00000000000000001000000 -> 1.32923814e+36
0 11110111 00000000000000000100000 -> 1.32923307e+36
0 11110111 00000000000000000010000 -> 1.32923053e+36
0 11110111 00000000000000000001000 -> 1.32922926e+36
0 11110111 00000000000000000000100 -> 1.32922863e+36
0 11110111 00000000000000000000010 -> 1.32922831e+36
0 11110111 00000000000000000000001 -> 1.32922815e+36
0 11110111 01111111111111111111111 -> 1.99384184e+36
0 11110111 10111111111111111111111 -> 2.32614883e+36
0 11110111 11011111111111111111111 -> 2.49230233e+36
0 11110111 11101111111111111111111 -> 2.57537908e+36
0 11110111 11110111111111111111111 -> 2.61691746e+36
0 11110111 11111011111111111111111 -> 2.63768665e+36
0 11110111 11111101111111111111111 -> 2.64807124e+36
0 11110111 11111110111111111111111 -> 2.65326354e+36
0 11110111 11111111011111111111111 -> 2.65585968e+36
0 11110111 11111111101111111111111 -> 2.65715776e+36
0 11110111 11111111110111111111111 -> 2.65780680e+36
0 11110111 11111111111011111111111 -> 2.65813131e+36
0 11110111 11111111111101111111111 -> 2.65829357e+36
0 11110111 11111111111110111111111 -> 2.65837470e+36
0 11110111 11111111111111011111111 -> 2.65841527e+36
0 11110111 11111111111111101111111 -> 2.65843555e+36
0 11110111 11111111111111110111111 -> 2.65844569e+36
0 11110111 11111111111111111011111 -> 2.65845076e+36
0 11110111 11111111111111111101111 -> 2.65845330e+36
0 11110111 11111111111111111110111 -> 2.65845457e+36
0 11110111 11111111111111111111011 -> 2.65845520e+36
0 11110111 11111111111111111111101 -> 2.65845552e+36
0 11110111 11111111111111111111110 -> 2.65845567e+36
0 11110111 11111111111111111111111 -> 2.65845583e+36
0 11111011 00000000000000000000000 -> 2.12676479e+37
0 11111011 10000000000000000000000 -> 3.19014719e+37
0 11111011 01000000000000000000000 -> 2.65845599e+37
0 11111011 00100000000000000000000 -> 2.39261039e+37
0 11111011 00010000000000000000000 -> 2.25968759e+37
0 11111011 00001000000000000000000 -> 2.19322619e+37
0 11111011 00000100000000000000000 -> 2.15999549e+37
0 11111011 00000010000000000000000 -> 2.14338014e+37
0 11111011 00000001000000000000000 -> 2.13507247e+37
0 11111011 00000000100000000000000 -> 2.13091863e+37
0 11111011 00000000010000000000000 -> 2.12884171e+37
0 11111011 00000000001000000000000 -> 2.12780325e+37
0 11111011 00000000000100000000000 -> 2.12728402e+37
0 11111011 00000000000010000000000 -> 2.12702441e+37
0 11111011 00000000000001000000000 -> 2.12689460e+37
0 11111011 00000000000000100000000 -> 2.12682970e+37
0 11111011 00000000000000010000000 -> 2.12679725e+37
0 11111011 00000000000000001000000 -> 2.12678102e+37
0 11111011 00000000000000000100000 -> 2.12677291e+37
0 11111011 00000000000000000010000 -> 2.12676885e+37
0 11111011 00000000000000000001000 -> 2.12676682e+37
0 11111011 00000000000000000000100 -> 2.12676581e+37
0 11111011 00000000000000000000010 -> 2.12676530e+37
0 11111011 00000000000000000000001 -> 2.12676505e+37
0 11111011 01111111111111111111111 -> 3.19014694e+37
0 11111011 10111111111111111111111 -> 3.72183813e+37
0 11111011 11011111111111111111111 -> 3.98768373e+37
0 11111011 11101111111111111111111 -> 4.12060653e+37
0 11111011 11110111111111111111111 -> 4.18706793e+37
0 11111011 11111011111111111111111 -> 4.22029863e+37
0 11111011 11111101111111111111111 -> 4.23691398e+37
0 11111011 11111110111111111111111 -> 4.24522166e+37
0 11111011 11111111011111111111111 -> 4.24937550e+37
0 11111011 11111111101111111111111 -> 4.25145241e+37
0 11111011 11111111110111111111111 -> 4.25249087e+37
0 11111011 11111111111011111111111 -> 4.25301010e+37
0 11111011 11111111111101111111111 -> 4.25326972e+37
0 11111011 11111111111110111111111 -> 4.25339953e+37
0 11111011 11111111111111011111111 -> 4.25346443e+37
0 11111011 11111111111111101111111 -> 4.25349688e+37
0 11111011 11111111111111110111111 -> 4.25351311e+37
0 11111011 11111111111111111011111 -> 4.25352122e+37
0 11111011 11111111111111111101111 -> 4.25352528e+37
0 11111011 11111111111111111110111 -> 4.25352730e+37
0 11111011 11111111111111111111011 -> 4.25352832e+37
0 11111011 11111111111111111111101 -> 4.25352883e+37
0 11111011 11111111111111111111110 -> 4.25352908e+37
0 11111011 11111111111111111111111 -> 4.25352933e+37
0 11111101 00000000000000000000000 -> 8.50705917e+37
0 11111101 10000000000000000000000 -> 1.27605888e+38
0 11111101 01000000000000000000000 -> 1.06338240e+38
0 11111101 00100000000000000000000 -> 9.57044157e+37
0 11111101 00010000000000000000000 -> 9.03875037e+37
0 11111101 00001000000000000000000 -> 8.77290477e+37
0 11111101 00000100000000000000000 -> 8.63998197e+37
0 11111101 00000010000000000000000 -> 8.57352057e+37
0 11111101 00000001000000000000000 -> 8.54028987e+37
0 11111101 00000000100000000000000 -> 8.52367452e+37
0 11111101 00000000010000000000000 -> 8.51536685e+37
0 11111101 00000000001000000000000 -> 8.51121301e+37
0 11111101 00000000000100000000000 -> 8.50913609e+37
0 11111101 00000000000010000000000 -> 8.50809763e+37
0 11111101 00000000000001000000000 -> 8.50757840e+37
0 11111101 00000000000000100000000 -> 8.50731879e+37
0 11111101 00000000000000010000000 -> 8.50718898e+37
0 11111101 00000000000000001000000 -> 8.50712408e+37
0 11111101 00000000000000000100000 -> 8.50709162e+37
0 11111101 00000000000000000010000 -> 8.50707540e+37
0 11111101 00000000000000000001000 -> 8.50706729e+37
0 11111101 00000000000000000000100 -> 8.50706323e+37
0 11111101 00000000000000000000010 -> 8.50706120e+37
0 11111101 00000000000000000000001 -> 8.50706019e+37
0 11111101 01111111111111111111111 -> 1.27605877e+38
0 11111101 10111111111111111111111 -> 1.48873525e+38
0 11111101 11011111111111111111111 -> 1.59507349e+38
0 11111101 11101111111111111111111 -> 1.64824261e+38
0 11111101 11110111111111111111111 -> 1.67482717e+38
0 11111101 11111011111111111111111 -> 1.68811945e+38
0 11111101 11111101111111111111111 -> 1.69476559e+38
0 11111101 11111110111111111111111 -> 1.69808866e+38
0 11111101 11111111011111111111111 -> 1.69975020e+38
0 11111101 11111111101111111111111 -> 1.70058097e+38
0 11111101 11111111110111111111111 -> 1.70099635e+38
0 11111101 11111111111011111111111 -> 1.70120404e+38
0 11111101 11111111111101111111111 -> 1.70130789e+38
0 11111101 11111111111110111111111 -> 1.70135981e+38
0 11111101 11111111111111011111111 -> 1.70138577e+38
0 11111101 11111111111111101111111 -> 1.70139875e+38
0 11111101 11111111111111110111111 -> 1.70140524e+38
0 11111101 11111111111111111011111 -> 1.70140849e+38
0 11111101 11111111111111111101111 -> 1.70141011e+38
0 11111101 11111111111111111110111 -> 1.70141092e+38
0 11111101 11111111111111111111011 -> 1.70141133e+38
0 11111101 11111111111111111111101 -> 1.70141153e+38
0 11111101 11111111111111111111110 -> 1.70141163e+38
0 11111101 11111111111111111111111 -> 1.70141173e+38
0 11111110 00000000000000000000000 -> 1.70141183e+38
0 11111110 10000000000000000000000 -> 2.55211775e+38
0 11111110 01000000000000000000000 -> 2.12676479e+38
0 11111110 00100000000000000000000 -> 1.91408831e+38
0 11111110 00010000000000000000000 -> 1.80775007e+38
0 11111110 00001000000000000000000 -> 1.75458095e+38
0 11111110 00000100000000000000000 -> 1.72799639e+38
0 11111110 00000010000000000000000 -> 1.71470411e+38
0 11111110 00000001000000000000000 -> 1.70805797e+38
0 11111110 00000000100000000000000 -> 1.70473490e+38
0 11111110 00000000010000000000000 -> 1.70307337e+38
0 11111110 00000000001000000000000 -> 1.70224260e+38
0 11111110 00000000000100000000000 -> 1.70182722e+38
0 11111110 00000000000010000000000 -> 1.70161953e+38
0 11111110 00000000000001000000000 -> 1.70151568e+38
0 11111110 00000000000000100000000 -> 1.70146376e+38
0 11111110 00000000000000010000000 -> 1.70143780e+38
0 11111110 00000000000000001000000 -> 1.70142482e+38
0 11111110 00000000000000000100000 -> 1.70141832e+38
0 11111110 00000000000000000010000 -> 1.70141508e+38
0 11111110 00000000000000000001000 -> 1.70141346e+38
0 11111110 00000000000000000000100 -> 1.70141265e+38
0 11111110 00000000000000000000010 -> 1.70141224e+38
0 11111110 00000000000000000000001 -> 1.70141204e+38
0 11111110 01111111111111111111111 -> 2.55211755e+38
0 11111110 10111111111111111111111 -> 2.97747051e+38
0 11111110 11011111111111111111111 -> 3.19014699e+38
0 11111110 11101111111111111111111 -> 3.29648523e+38
0 11111110 11110111111111111111111 -> 3.34965435e+38
0 11111110 11111011111111111111111 -> 3.37623891e+38
0 11111110 11111101111111111111111 -> 3.38953119e+38
0 11111110 11111110111111111111111 -> 3.39617733e+38
0 11111110 11111111011111111111111 -> 3.39950040e+38
0 11111110 11111111101111111111111 -> 3.40116193e+38
0 11111110 11111111110111111111111 -> 3.40199270e+38
0 11111110 11111111111011111111111 -> 3.40240808e+38
0 11111110 11111111111101111111111 -> 3.40261577e+38
0 11111110 11111111111110111111111 -> 3.40271962e+38
0 11111110 11111111111111011111111 -> 3.40277154e+38
0 11111110 11111111111111101111111 -> 3.40279750e+38
0 11111110 11111111111111110111111 -> 3.40281049e+38
0 11111110 11111111111111111011111 -> 3.40281698e+38
0 11111110 11111111111111111101111 -> 3.40282022e+38
0 11111110 11111111111111111110111 -> 3.40282184e+38
0 11111110 11111111111111111111011 -> 3.40282266e+38
0 11111110 11111111111111111111101 -> 3.40282306e+38
0 11111110 11111111111111111111110 -> 3.40282326e+38
0 11111110 11111111111111111111111 -> 3.40282347e+38
0 11111111 00000000000000000000000 -> inf
0 11111111 10000000000000000000000 -> nan
0 11111111 01000000000000000000000 -> nan
0 11111111 00100000000000000000000 -> nan
0 11111111 00010000000000000000000 -> nan
0 11111111 00001000000000000000000 -> nan
0 11111111 00000100000000000000000 -> nan
0 11111111 00000010000000000000000 -> nan
0 11111111 00000001000000000000000 -> nan
0 11111111 00000000100000000000000 -> nan
0 11111111 00000000010000000000000 -> nan
0 11111111 00000000001000000000000 -> nan
0 11111111 00000000000100000000000 -> nan
0 11111111 00000000000010000000000 -> nan
0 11111111 00000000000001000000000 -> nan
0 11111111 00000000000000100000000 -> nan
0 11111111 00000000000000010000000 -> nan
0 11111111 00000000000000001000000 -> nan
0 11111111 00000000000000000100000 -> nan
0 11111111 00000000000000000010000 -> nan
0 11111111 00000000000000000001000 -> nan
0 11111111 00000000000000000000100 -> nan
0 11111111 00000000000000000000010 -> nan
0 11111111 00000000000000000000001 -> nan
0 11111111 01111111111111111111111 -> nan
0 11111111 10111111111111111111111 -> nan
0 11111111 11011111111111111111111 -> nan
0 11111111 11101111111111111111111 -> nan
0 11111111 11110111111111111111111 -> nan
0 11111111 11111011111111111111111 -> nan
0 11111111 11111101111111111111111 -> nan
0 11111111 11111110111111111111111 -> nan
0 11111111 11111111011111111111111 -> nan
0 11111111 11111111101111111111111 -> nan
0 11111111 11111111110111111111111 -> nan
0 11111111 11111111111011111111111 -> nan
0 11111111 11111111111101111111111 -> nan
0 11111111 11111111111110111111111 -> nan
0 11111111 11111111111111011111111 -> nan
0 11111111 11111111111111101111111 -> nan
0 11111111 11111111111111110111111 -> nan
0 11111111 11111111111111111011111 -> nan
0 11111111 11111111111111111101111 -> nan
0 11111111 11111111111111111110111 -> nan
0 11111111 11111111111111111111011 -> nan
0 11111111 11111111111111111111101 -> nan
0 11111111 11111111111111111111110 -> nan
0 11111111 11111111111111111111111 -> nan
1 00000000 00000000000000000000000 -> -0.00000000
1 00000000 10000000000000000000000 -> -5.87747175e-39
1 00000000 01000000000000000000000 -> -2.93873588e-39
1 00000000 00100000000000000000000 -> -1.46936794e-39
1 00000000 00010000000000000000000 -> -7.34683969e-40
1 00000000 00001000000000000000000 -> -3.67341985e-40
1 00000000 00000100000000000000000 -> -1.83670992e-40
1 00000000 00000010000000000000000 -> -9.18354962e-41
1 00000000 00000001000000000000000 -> -4.59177481e-41
1 00000000 00000000100000000000000 -> -2.29588740e-41
1 00000000 00000000010000000000000 -> -1.14794370e-41
1 00000000 00000000001000000000000 -> -5.73971851e-42
1 00000000 00000000000100000000000 -> -2.86985925e-42
1 00000000 00000000000010000000000 -> -1.43492963e-42
1 00000000 00000000000001000000000 -> -7.17464814e-43
1 00000000 00000000000000100000000 -> -3.58732407e-43
1 00000000 00000000000000010000000 -> -1.79366203e-43
1 00000000 00000000000000001000000 -> -8.96831017e-44
1 00000000 00000000000000000100000 -> -4.48415509e-44
1 00000000 00000000000000000010000 -> -2.24207754e-44
1 00000000 00000000000000000001000 -> -1.12103877e-44
1 00000000 00000000000000000000100 -> -5.60519386e-45
1 00000000 00000000000000000000010 -> -2.80259693e-45
1 00000000 00000000000000000000001 -> -1.40129846e-45
1 00000000 01111111111111111111111 -> -5.87747035e-39
1 00000000 10111111111111111111111 -> -8.81620623e-39
1 00000000 11011111111111111111111 -> -1.02855742e-38
1 00000000 11101111111111111111111 -> -1.10202581e-38
1 00000000 11110111111111111111111 -> -1.13876001e-38
1 00000000 11111011111111111111111 -> -1.15712711e-38
1 00000000 11111101111111111111111 -> -1.16631066e-38
1 00000000 11111110111111111111111 -> -1.17090244e-38
1 00000000 11111111011111111111111 -> -1.17319832e-38
1 00000000 11111111101111111111111 -> -1.17434627e-38
1 00000000 11111111110111111111111 -> -1.17492024e-38
1 00000000 11111111111011111111111 -> -1.17520722e-38
1 00000000 11111111111101111111111 -> -1.17535072e-38
1 00000000 11111111111110111111111 -> -1.17542246e-38
1 00000000 11111111111111011111111 -> -1.17545834e-38
1 00000000 11111111111111101111111 -> -1.17547627e-38
1 00000000 11111111111111110111111 -> -1.17548524e-38
1 00000000 11111111111111111011111 -> -1.17548973e-38
1 00000000 11111111111111111101111 -> -1.17549197e-38
1 00000000 11111111111111111110111 -> -1.17549309e-38
1 00000000 11111111111111111111011 -> -1.17549365e-38
1 00000000 11111111111111111111101 -> -1.17549393e-38
1 00000000 11111111111111111111110 -> -1.17549407e-38
1 00000000 11111111111111111111111 -> -1.17549421e-38
1 10000000 00000000000000000000000 -> -2.00000000
1 10000000 10000000000000000000000 -> -3.00000000
1 10000000 01000000000000000000000 -> -2.50000000
1 10000000 00100000000000000000000 -> -2.25000000
1 10000000 00010000000000000000000 -> -2.12500000
1 10000000 00001000000000000000000 -> -2.06250000
1 10000000 00000100000000000000000 -> -2.03125000
1 10000000 00000010000000000000000 -> -2.01562500
1 10000000 00000001000000000000000 -> -2.00781250
1 10000000 00000000100000000000000 -> -2.00390625
1 10000000 00000000010000000000000 -> -2.00195312
1 10000000 00000000001000000000000 -> -2.00097656
1 10000000 00000000000100000000000 -> -2.00048828
1 10000000 00000000000010000000000 -> -2.00024414
1 10000000 00000000000001000000000 -> -2.00012207
1 10000000 00000000000000100000000 -> -2.00006104
1 10000000 00000000000000010000000 -> -2.00003052
1 10000000 00000000000000001000000 -> -2.00001526
1 10000000 00000000000000000100000 -> -2.00000763
1 10000000 00000000000000000010000 -> -2.00000381
1 10000000 00000000000000000001000 -> -2.00000191
1 10000000 00000000000000000000100 -> -2.00000095
1 10000000 00000000000000000000010 -> -2.00000048
1 10000000 00000000000000000000001 -> -2.00000024
1 10000000 01111111111111111111111 -> -2.99999976
1 10000000 10111111111111111111111 -> -3.49999976
1 10000000 11011111111111111111111 -> -3.74999976
1 10000000 11101111111111111111111 -> -3.87499976
1 10000000 11110111111111111111111 -> -3.93749976
1 10000000 11111011111111111111111 -> -3.96874976
1 10000000 11111101111111111111111 -> -3.98437476
1 10000000 11111110111111111111111 -> -3.99218726
1 10000000 11111111011111111111111 -> -3.99609351
1 10000000 11111111101111111111111 -> -3.99804664
1 10000000 11111111110111111111111 -> -3.99902320
1 10000000 11111111111011111111111 -> -3.99951148
1 10000000 11111111111101111111111 -> -3.99975562
1 10000000 11111111111110111111111 -> -3.99987769
1 10000000 11111111111111011111111 -> -3.99993873
1 10000000 11111111111111101111111 -> -3.99996924
1 10000000 11111111111111110111111 -> -3.99998450
1 10000000 11111111111111111011111 -> -3.99999213
1 10000000 11111111111111111101111 -> -3.99999595
1 10000000 11111111111111111110111 -> -3.99999785
1 10000000 11111111111111111111011 -> -3.99999881
1 10000000 11111111111111111111101 -> -3.99999928
1 10000000 11111111111111111111110 -> -3.99999952
1 10000000 11111111111111111111111 -> -3.99999976
1 01000000 00000000000000000000000 -> -1.08420217e-19
1 01000000 10000000000000000000000 -> -1.62630326e-19
1 01000000 01000000000000000000000 -> -1.35525272e-19
1 01000000 00100000000000000000000 -> -1.21972744e-19
1 01000000 00010000000000000000000 -> -1.15196481e-19
1 01000000 00001000000000000000000 -> -1.11808349e-19
1 01000000 00000100000000000000000 -> -1.10114283e-19
1 01000000 00000010000000000000000 -> -1.09267250e-19
1 01000000 00000001000000000000000 -> -1.08843734e-19
1 01000000 00000000100000000000000 -> -1.08631975e-19
1 01000000 00000000010000000000000 -> -1.08526096e-19
1 01000000 00000000001000000000000 -> -1.08473157e-19
1 01000000 00000000000100000000000 -> -1.08446687e-19
1 01000000 00000000000010000000000 -> -1.08433452e-19
1 01000000 00000000000001000000000 -> -1.08426835e-19
1 01000000 00000000000000100000000 -> -1.08423526e-19
1 01000000 00000000000000010000000 -> -1.08421872e-19
1 01000000 00000000000000001000000 -> -1.08421044e-19
1 01000000 00000000000000000100000 -> -1.08420631e-19
1 01000000 00000000000000000010000 -> -1.08420424e-19
1 01000000 00000000000000000001000 -> -1.08420321e-19
1 01000000 00000000000000000000100 -> -1.08420269e-19
1 01000000 00000000000000000000010 -> -1.08420243e-19
1 01000000 00000000000000000000001 -> -1.08420230e-19
1 01000000 01111111111111111111111 -> -1.62630313e-19
1 01000000 10111111111111111111111 -> -1.89735367e-19
1 01000000 11011111111111111111111 -> -2.03287894e-19
1 01000000 11101111111111111111111 -> -2.10064158e-19
1 01000000 11110111111111111111111 -> -2.13452290e-19
1 01000000 11111011111111111111111 -> -2.15146356e-19
1 01000000 11111101111111111111111 -> -2.15993389e-19
1 01000000 11111110111111111111111 -> -2.16416905e-19
1 01000000 11111111011111111111111 -> -2.16628663e-19
1 01000000 11111111101111111111111 -> -2.16734542e-19
1 01000000 11111111110111111111111 -> -2.16787482e-19
1 01000000 11111111111011111111111 -> -2.16813952e-19
1 01000000 11111111111101111111111 -> -2.16827187e-19
1 01000000 11111111111110111111111 -> -2.16833804e-19
1 01000000 11111111111111011111111 -> -2.16837113e-19
1 01000000 11111111111111101111111 -> -2.16838767e-19
1 01000000 11111111111111110111111 -> -2.16839594e-19
1 01000000 11111111111111111011111 -> -2.16840008e-19
1 01000000 11111111111111111101111 -> -2.16840215e-19
1 01000000 11111111111111111110111 -> -2.16840318e-19
1 01000000 11111111111111111111011 -> -2.16840370e-19
1 01000000 11111111111111111111101 -> -2.16840396e-19
1 01000000 11111111111111111111110 -> -2.16840409e-19
1 01000000 11111111111111111111111 -> -2.16840422e-19
1 00100000 00000000000000000000000 -> -2.52435490e-29
1 00100000 10000000000000000000000 -> -3.78653235e-29
1 00100000 01000000000000000000000 -> -3.15544362e-29
1 00100000 00100000000000000000000 -> -2.83989926e-29
1 00100000 00010000000000000000000 -> -2.68212708e-29
1 00100000 00001000000000000000000 -> -2.60324099e-29
1 00100000 00000100000000000000000 -> -2.56379794e-29
1 00100000 00000010000000000000000 -> -2.54407642e-29
1 00100000 00000001000000000000000 -> -2.53421566e-29
1 00100000 00000000100000000000000 -> -2.52928528e-29
1 00100000 00000000010000000000000 -> -2.52682009e-29
1 00100000 00000000001000000000000 -> -2.52558749e-29
1 00100000 00000000000100000000000 -> -2.52497119e-29
1 00100000 00000000000010000000000 -> -2.52466305e-29
1 00100000 00000000000001000000000 -> -2.52450897e-29
1 00100000 00000000000000100000000 -> -2.52443193e-29
1 00100000 00000000000000010000000 -> -2.52439342e-29
1 00100000 00000000000000001000000 -> -2.52437416e-29
1 00100000 00000000000000000100000 -> -2.52436453e-29
1 00100000 00000000000000000010000 -> -2.52435971e-29
1 00100000 00000000000000000001000 -> -2.52435730e-29
1 00100000 00000000000000000000100 -> -2.52435610e-29
1 00100000 00000000000000000000010 -> -2.52435550e-29
1 00100000 00000000000000000000001 -> -2.52435520e-29
1 00100000 01111111111111111111111 -> -3.78653204e-29
1 00100000 10111111111111111111111 -> -4.41762077e-29
1 00100000 11011111111111111111111 -> -4.73316513e-29
1 00100000 11101111111111111111111 -> -4.89093731e-29
1 00100000 11110111111111111111111 -> -4.96982340e-29
1 00100000 11111011111111111111111 -> -5.00926645e-29
1 00100000 11111101111111111111111 -> -5.02898797e-29
1 00100000 11111110111111111111111 -> -5.03884873e-29
1 00100000 11111111011111111111111 -> -5.04377911e-29
1 00100000 11111111101111111111111 -> -5.04624430e-29
1 00100000 11111111110111111111111 -> -5.04747690e-29
1 00100000 11111111111011111111111 -> -5.04809319e-29
1 00100000 11111111111101111111111 -> -5.04840134e-29
1 00100000 11111111111110111111111 -> -5.04855542e-29
1 00100000 11111111111111011111111 -> -5.04863246e-29
1 00100000 11111111111111101111111 -> -5.04867097e-29
1 00100000 11111111111111110111111 -> -5.04869023e-29
1 00100000 11111111111111111011111 -> -5.04869986e-29
1 00100000 11111111111111111101111 -> -5.04870468e-29
1 00100000 11111111111111111110111 -> -5.04870709e-29
1 00100000 11111111111111111111011 -> -5.04870829e-29
1 00100000 11111111111111111111101 -> -5.04870889e-29
1 00100000 11111111111111111111110 -> -5.04870919e-29
1 00100000 11111111111111111111111 -> -5.04870949e-29
1 00010000 00000000000000000000000 -> -3.85185989e-34
1 00010000 10000000000000000000000 -> -5.77778983e-34
1 00010000 01000000000000000000000 -> -4.81482486e-34
1 00010000 00100000000000000000000 -> -4.33334237e-34
1 00010000 00010000000000000000000 -> -4.09260113e-34
1 00010000 00001000000000000000000 -> -3.97223051e-34
1 00010000 00000100000000000000000 -> -3.91204520e-34
1 00010000 00000010000000000000000 -> -3.88195254e-34
1 00010000 00000001000000000000000 -> -3.86690622e-34
1 00010000 00000000100000000000000 -> -3.85938305e-34
1 00010000 00000000010000000000000 -> -3.85562147e-34
1 00010000 00000000001000000000000 -> -3.85374068e-34
1 00010000 00000000000100000000000 -> -3.85280028e-34
1 00010000 00000000000010000000000 -> -3.85233009e-34
1 00010000 00000000000001000000000 -> -3.85209499e-34
1 00010000 00000000000000100000000 -> -3.85197744e-34
1 00010000 00000000000000010000000 -> -3.85191866e-34
1 00010000 00000000000000001000000 -> -3.85188928e-34
1 00010000 00000000000000000100000 -> -3.85187458e-34
1 00010000 00000000000000000010000 -> -3.85186724e-34
1 00010000 00000000000000000001000 -> -3.85186356e-34
1 00010000 00000000000000000000100 -> -3.85186173e-34
1 00010000 00000000000000000000010 -> -3.85186081e-34
1 00010000 00000000000000000000001 -> -3.85186035e-34
1 00010000 01111111111111111111111 -> -5.77778937e-34
1 00010000 10111111111111111111111 -> -6.74075435e-34
1 00010000 11011111111111111111111 -> -7.22223683e-34
1 00010000 11101111111111111111111 -> -7.46297808e-34
1 00010000 11110111111111111111111 -> -7.58334870e-34
1 00010000 11111011111111111111111 -> -7.64353401e-34
1 00010000 11111101111111111111111 -> -7.67362666e-34
1 00010000 11111110111111111111111 -> -7.68867299e-34
1 00010000 11111111011111111111111 -> -7.69619615e-34
1 00010000 11111111101111111111111 -> -7.69995774e-34
1 00010000 11111111110111111111111 -> -7.70183853e-34
1 00010000 11111111111011111111111 -> -7.70277892e-34
1 00010000 11111111111101111111111 -> -7.70324912e-34
1 00010000 11111111111110111111111 -> -7.70348422e-34
1 00010000 11111111111111011111111 -> -7.70360177e-34
1 00010000 11111111111111101111111 -> -7.70366054e-34
1 00010000 11111111111111110111111 -> -7.70368993e-34
1 00010000 11111111111111111011111 -> -7.70370462e-34
1 00010000 11111111111111111101111 -> -7.70371197e-34
1 00010000 11111111111111111110111 -> -7.70371564e-34
1 00010000 11111111111111111111011 -> -7.70371748e-34
1 00010000 11111111111111111111101 -> -7.70371840e-34
1 00010000 11111111111111111111110 -> -7.70371886e-34
1 00010000 11111111111111111111111 -> -7.70371932e-34
1 00001000 00000000000000000000000 -> -1.50463277e-36
1 00001000 10000000000000000000000 -> -2.25694915e-36
1 00001000 01000000000000000000000 -> -1.88079096e-36
1 00001000 00100000000000000000000 -> -1.69271187e-36
1 00001000 00010000000000000000000 -> -1.59867232e-36
1 00001000 00001000000000000000000 -> -1.55165254e-36
1 00001000 00000100000000000000000 -> -1.52814266e-36
1 00001000 00000010000000000000000 -> -1.51638771e-36
1 00001000 00000001000000000000000 -> -1.51051024e-36
1 00001000 00000000100000000000000 -> -1.50757150e-36
1 00001000 00000000010000000000000 -> -1.50610214e-36
1 00001000 00000000001000000000000 -> -1.50536745e-36
1 00001000 00000000000100000000000 -> -1.50500011e-36
1 00001000 00000000000010000000000 -> -1.50481644e-36
1 00001000 00000000000001000000000 -> -1.50472460e-36
1 00001000 00000000000000100000000 -> -1.50467869e-36
1 00001000 00000000000000010000000 -> -1.50465573e-36
1 00001000 00000000000000001000000 -> -1.50464425e-36
1 00001000 00000000000000000100000 -> -1.50463851e-36
1 00001000 00000000000000000010000 -> -1.50463564e-36
1 00001000 00000000000000000001000 -> -1.50463420e-36
1 00001000 00000000000000000000100 -> -1.50463349e-36
1 00001000 00000000000000000000010 -> -1.50463313e-36
1 00001000 00000000000000000000001 -> -1.50463295e-36
1 00001000 01111111111111111111111 -> -2.25694897e-36
1 00001000 10111111111111111111111 -> -2.63310717e-36
1 00001000 11011111111111111111111 -> -2.82118626e-36
1 00001000 11101111111111111111111 -> -2.91522581e-36
1 00001000 11110111111111111111111 -> -2.96224558e-36
1 00001000 11111011111111111111111 -> -2.98575547e-36
1 00001000 11111101111111111111111 -> -2.99751042e-36
1 00001000 11111110111111111111111 -> -3.00338789e-36
1 00001000 11111111011111111111111 -> -3.00632662e-36
1 00001000 11111111101111111111111 -> -3.00779599e-36
1 00001000 11111111110111111111111 -> -3.00853067e-36
1 00001000 11111111111011111111111 -> -3.00889802e-36
1 00001000 11111111111101111111111 -> -3.00908169e-36
1 00001000 11111111111110111111111 -> -3.00917352e-36
1 00001000 11111111111111011111111 -> -3.00921944e-36
1 00001000 11111111111111101111111 -> -3.00924240e-36
1 00001000 11111111111111110111111 -> -3.00925388e-36
1 00001000 11111111111111111011111 -> -3.00925962e-36
1 00001000 11111111111111111101111 -> -3.00926249e-36
1 00001000 11111111111111111110111 -> -3.00926392e-36
1 00001000 11111111111111111111011 -> -3.00926464e-36
1 00001000 11111111111111111111101 -> -3.00926500e-36
1 00001000 11111111111111111111110 -> -3.00926518e-36
1 00001000 11111111111111111111111 -> -3.00926536e-36
1 00000100 00000000000000000000000 -> -9.40395481e-38
1 00000100 10000000000000000000000 -> -1.41059322e-37
1 00000100 01000000000000000000000 -> -1.17549435e-37
1 00000100 00100000000000000000000 -> -1.05794492e-37
1 00000100 00010000000000000000000 -> -9.99170198e-38
1 00000100 00001000000000000000000 -> -9.69782839e-38
1 00000100 00000100000000000000000 -> -9.55089160e-38
1 00000100 00000010000000000000000 -> -9.47742320e-38
1 00000100 00000001000000000000000 -> -9.44068901e-38
1 00000100 00000000100000000000000 -> -9.42232191e-38
1 00000100 00000000010000000000000 -> -9.41313836e-38
1 00000100 00000000001000000000000 -> -9.40854658e-38
1 00000100 00000000000100000000000 -> -9.40625069e-38
1 00000100 00000000000010000000000 -> -9.40510275e-38
1 00000100 00000000000001000000000 -> -9.40452878e-38
1 00000100 00000000000000100000000 -> -9.40424179e-38
1 00000100 00000000000000010000000 -> -9.40409830e-38
1 00000100 00000000000000001000000 -> -9.40402655e-38
1 00000100 00000000000000000100000 -> -9.40399068e-38
1 00000100 00000000000000000010000 -> -9.40397274e-38
1 00000100 00000000000000000001000 -> -9.40396377e-38
1 00000100 00000000000000000000100 -> -9.40395929e-38
1 00000100 00000000000000000000010 -> -9.40395705e-38
1 00000100 00000000000000000000001 -> -9.40395593e-38
1 00000100 01111111111111111111111 -> -1.41059311e-37
1 00000100 10111111111111111111111 -> -1.64569198e-37
1 00000100 11011111111111111111111 -> -1.76324141e-37
1 00000100 11101111111111111111111 -> -1.82201613e-37
1 00000100 11110111111111111111111 -> -1.85140349e-37
1 00000100 11111011111111111111111 -> -1.86609717e-37
1 00000100 11111101111111111111111 -> -1.87344401e-37
1 00000100 11111110111111111111111 -> -1.87711743e-37
1 00000100 11111111011111111111111 -> -1.87895414e-37
1 00000100 11111111101111111111111 -> -1.87987249e-37
1 00000100 11111111110111111111111 -> -1.88033167e-37
1 00000100 11111111111011111111111 -> -1.88056126e-37
1 00000100 11111111111101111111111 -> -1.88067605e-37
1 00000100 11111111111110111111111 -> -1.88073345e-37
1 00000100 11111111111111011111111 -> -1.88076215e-37
1 00000100 11111111111111101111111 -> -1.88077650e-37
1 00000100 11111111111111110111111 -> -1.88078367e-37
1 00000100 11111111111111111011111 -> -1.88078726e-37
1 00000100 11111111111111111101111 -> -1.88078906e-37
1 00000100 11111111111111111110111 -> -1.88078995e-37
1 00000100 11111111111111111111011 -> -1.88079040e-37
1 00000100 11111111111111111111101 -> -1.88079063e-37
1 00000100 11111111111111111111110 -> -1.88079074e-37
1 00000100 11111111111111111111111 -> -1.88079085e-37
1 00000010 00000000000000000000000 -> -2.35098870e-38
1 00000010 10000000000000000000000 -> -3.52648305e-38
1 00000010 01000000000000000000000 -> -2.93873588e-38
1 00000010 00100000000000000000000 -> -2.64486229e-38
1 00000010 00010000000000000000000 -> -2.49792550e-38
1 00000010 00001000000000000000000 -> -2.42445710e-38
1 00000010 00000100000000000000000 -> -2.38772290e-38
1 00000010 00000010000000000000000 -> -2.36935580e-38
1 00000010 00000001000000000000000 -> -2.36017225e-38
1 00000010 00000000100000000000000 -> -2.35558048e-38
1 00000010 00000000010000000000000 -> -2.35328459e-38
1 00000010 00000000001000000000000 -> -2.35213665e-38
1 00000010 00000000000100000000000 -> -2.35156267e-38
1 00000010 00000000000010000000000 -> -2.35127569e-38
1 00000010 00000000000001000000000 -> -2.35113219e-38
1 00000010 00000000000000100000000 -> -2.35106045e-38
1 00000010 00000000000000010000000 -> -2.35102457e-38
1 00000010 00000000000000001000000 -> -2.35100664e-38
1 00000010 00000000000000000100000 -> -2.35099767e-38
1 00000010 00000000000000000010000 -> -2.35099319e-38
1 00000010 00000000000000000001000 -> -2.35099094e-38
1 00000010 00000000000000000000100 -> -2.35098982e-38
1 00000010 00000000000000000000010 -> -2.35098926e-38
1 00000010 00000000000000000000001 -> -2.35098898e-38
1 00000010 01111111111111111111111 -> -3.52648277e-38
1 00000010 10111111111111111111111 -> -4.11422995e-38
1 00000010 11011111111111111111111 -> -4.40810354e-38
1 00000010 11101111111111111111111 -> -4.55504033e-38
1 00000010 11110111111111111111111 -> -4.62850873e-38
1 00000010 11111011111111111111111 -> -4.66524292e-38
1 00000010 11111101111111111111111 -> -4.68361002e-38
1 00000010 11111110111111111111111 -> -4.69279357e-38
1 00000010 11111111011111111111111 -> -4.69738535e-38
1 00000010 11111111101111111111111 -> -4.69968124e-38
1 00000010 11111111110111111111111 -> -4.70082918e-38
1 00000010 11111111111011111111111 -> -4.70140315e-38
1 00000010 11111111111101111111111 -> -4.70169014e-38
1 00000010 11111111111110111111111 -> -4.70183363e-38
1 00000010 11111111111111011111111 -> -4.70190538e-38
1 00000010 11111111111111101111111 -> -4.70194125e-38
1 00000010 11111111111111110111111 -> -4.70195919e-38
1 00000010 11111111111111111011111 -> -4.70196815e-38
1 00000010 11111111111111111101111 -> -4.70197264e-38
1 00000010 11111111111111111110111 -> -4.70197488e-38
1 00000010 11111111111111111111011 -> -4.70197600e-38
1 00000010 11111111111111111111101 -> -4.70197656e-38
1 00000010 11111111111111111111110 -> -4.70197684e-38
1 00000010 11111111111111111111111 -> -4.70197712e-38
1 00000001 00000000000000000000000 -> -1.17549435e-38
1 00000001 10000000000000000000000 -> -1.76324153e-38
1 00000001 01000000000000000000000 -> -1.46936794e-38
1 00000001 00100000000000000000000 -> -1.32243114e-38
1 00000001 00010000000000000000000 -> -1.24896275e-38
1 00000001 00001000000000000000000 -> -1.21222855e-38
1 00000001 00000100000000000000000 -> -1.19386145e-38
1 00000001 00000010000000000000000 -> -1.18467790e-38
1 00000001 00000001000000000000000 -> -1.18008613e-38
1 00000001 00000000100000000000000 -> -1.17779024e-38
1 00000001 00000000010000000000000 -> -1.17664229e-38
1 00000001 00000000001000000000000 -> -1.17606832e-38
1 00000001 00000000000100000000000 -> -1.17578134e-38
1 00000001 00000000000010000000000 -> -1.17563784e-38
1 00000001 00000000000001000000000 -> -1.17556610e-38
1 00000001 00000000000000100000000 -> -1.17553022e-38
1 00000001 00000000000000010000000 -> -1.17551229e-38
1 00000001 00000000000000001000000 -> -1.17550332e-38
1 00000001 00000000000000000100000 -> -1.17549883e-38
1 00000001 00000000000000000010000 -> -1.17549659e-38
1 00000001 00000000000000000001000 -> -1.17549547e-38
1 00000001 00000000000000000000100 -> -1.17549491e-38
1 00000001 00000000000000000000010 -> -1.17549463e-38
1 00000001 00000000000000000000001 -> -1.17549449e-38
1 00000001 01111111111111111111111 -> -1.76324139e-38
1 00000001 10111111111111111111111 -> -2.05711497e-38
1 00000001 11011111111111111111111 -> -2.20405177e-38
1 00000001 11101111111111111111111 -> -2.27752016e-38
1 00000001 11110111111111111111111 -> -2.31425436e-38
1 00000001 11111011111111111111111 -> -2.33262146e-38
1 00000001 11111101111111111111111 -> -2.34180501e-38
1 00000001 11111110111111111111111 -> -2.34639679e-38
1 00000001 11111111011111111111111 -> -2.34869267e-38
1 00000001 11111111101111111111111 -> -2.34984062e-38
1 00000001 11111111110111111111111 -> -2.35041459e-38
1 00000001 11111111111011111111111 -> -2.35070158e-38
1 00000001 11111111111101111111111 -> -2.35084507e-38
1 00000001 11111111111110111111111 -> -2.35091682e-38
1 00000001 11111111111111011111111 -> -2.35095269e-38
1 00000001 11111111111111101111111 -> -2.35097062e-38
1 00000001 11111111111111110111111 -> -2.35097959e-38
1 00000001 11111111111111111011111 -> -2.35098408e-38
1 00000001 11111111111111111101111 -> -2.35098632e-38
1 00000001 11111111111111111110111 -> -2.35098744e-38
1 00000001 11111111111111111111011 -> -2.35098800e-38
1 00000001 11111111111111111111101 -> -2.35098828e-38
1 00000001 11111111111111111111110 -> -2.35098842e-38
1 00000001 11111111111111111111111 -> -2.35098856e-38
1 01111111 00000000000000000000000 -> -1.00000000
1 01111111 10000000000000000000000 -> -1.50000000
1 01111111 01000000000000000000000 -> -1.25000000
1 01111111 00100000000000000000000 -> -1.12500000
1 01111111 00010000000000000000000 -> -1.06250000
1 01111111 00001000000000000000000 -> -1.03125000
1 01111111 00000100000000000000000 -> -1.01562500
1 01111111 00000010000000000000000 -> -1.00781250
1 01111111 00000001000000000000000 -> -1.00390625
1 01111111 00000000100000000000000 -> -1.00195312
1 01111111 00000000010000000000000 -> -1.00097656
1 01111111 00000000001000000000000 -> -1.00048828
1 01111111 00000000000100000000000 -> -1.00024414
1 01111111 00000000000010000000000 -> -1.00012207
1 01111111 00000000000001000000000 -> -1.00006104
1 01111111 00000000000000100000000 -> -1.00003052
1 01111111 00000000000000010000000 -> -1.00001526
1 01111111 00000000000000001000000 -> -1.00000763
1 01111111 00000000000000000100000 -> -1.00000381
1 01111111 00000000000000000010000 -> -1.00000191
1 01111111 00000000000000000001000 -> -1.00000095
1 01111111 00000000000000000000100 -> -1.00000048
1 01111111 00000000000000000000010 -> -1.00000024
1 01111111 00000000000000000000001 -> -1.00000012
1 01111111 01111111111111111111111 -> -1.49999988
1 01111111 10111111111111111111111 -> -1.74999988
1 01111111 11011111111111111111111 -> -1.87499988
1 01111111 11101111111111111111111 -> -1.93749988
1 01111111 11110111111111111111111 -> -1.96874988
1 01111111 11111011111111111111111 -> -1.98437488
1 01111111 11111101111111111111111 -> -1.99218738
1 01111111 11111110111111111111111 -> -1.99609363
1 01111111 11111111011111111111111 -> -1.99804676
1 01111111 11111111101111111111111 -> -1.99902332
1 01111111 11111111110111111111111 -> -1.99951160
1 01111111 11111111111011111111111 -> -1.99975574
1 01111111 11111111111101111111111 -> -1.99987781
1 01111111 11111111111110111111111 -> -1.99993885
1 01111111 11111111111111011111111 -> -1.99996936
1 01111111 11111111111111101111111 -> -1.99998462
1 01111111 11111111111111110111111 -> -1.99999225
1 01111111 11111111111111111011111 -> -1.99999607
1 01111111 11111111111111111101111 -> -1.99999797
1 01111111 11111111111111111110111 -> -1.99999893
1 01111111 11111111111111111111011 -> -1.99999940
1 01111111 11111111111111111111101 -> -1.99999964
1 01111111 11111111111111111111110 -> -1.99999976
1 01111111 11111111111111111111111 -> -1.99999988
1 10111111 00000000000000000000000 -> -1.84467441e+19
1 10111111 10000000000000000000000 -> -2.76701161e+19
1 10111111 01000000000000000000000 -> -2.30584301e+19
1 10111111 00100000000000000000000 -> -2.07525871e+19
1 10111111 00010000000000000000000 -> -1.95996656e+19
1 10111111 00001000000000000000000 -> -1.90232048e+19
1 10111111 00000100000000000000000 -> -1.87349744e+19
1 10111111 00000010000000000000000 -> -1.85908593e+19
1 10111111 00000001000000000000000 -> -1.85188017e+19
1 10111111 00000000100000000000000 -> -1.84827729e+19
1 10111111 00000000010000000000000 -> -1.84647585e+19
1 10111111 00000000001000000000000 -> -1.84557513e+19
1 10111111 00000000000100000000000 -> -1.84512477e+19
1 10111111 00000000000010000000000 -> -1.84489959e+19
1 10111111 00000000000001000000000 -> -1.84478700e+19
1 10111111 00000000000000100000000 -> -1.84473070e+19
1 10111111 00000000000000010000000 -> -1.84470255e+19
1 10111111 00000000000000001000000 -> -1.84468848e+19
1 10111111 00000000000000000100000 -> -1.84468144e+19
1 10111111 00000000000000000010000 -> -1.84467793e+19
1 10111111 00000000000000000001000 -> -1.84467617e+19
1 10111111 00000000000000000000100 -> -1.84467529e+19
1 10111111 00000000000000000000010 -> -1.84467485e+19
1 10111111 00000000000000000000001 -> -1.84467463e+19
1 10111111 01111111111111111111111 -> -2.76701139e+19
1 10111111 10111111111111111111111 -> -3.22817999e+19
1 10111111 11011111111111111111111 -> -3.45876429e+19
1 10111111 11101111111111111111111 -> -3.57405644e+19
1 10111111 11110111111111111111111 -> -3.63170252e+19
1 10111111 11111011111111111111111 -> -3.66052556e+19
1 10111111 11111101111111111111111 -> -3.67493708e+19
1 10111111 11111110111111111111111 -> -3.68214284e+19
1 10111111 11111111011111111111111 -> -3.68574572e+19
1 10111111 11111111101111111111111 -> -3.68754715e+19
1 10111111 11111111110111111111111 -> -3.68844787e+19
1 10111111 11111111111011111111111 -> -3.68889823e+19
1 10111111 11111111111101111111111 -> -3.68912341e+19
1 10111111 11111111111110111111111 -> -3.68923600e+19
1 10111111 11111111111111011111111 -> -3.68929230e+19
1 10111111 11111111111111101111111 -> -3.68932045e+19
1 10111111 11111111111111110111111 -> -3.68933452e+19
1 10111111 11111111111111111011111 -> -3.68934156e+19
1 10111111 11111111111111111101111 -> -3.68934508e+19
1 10111111 11111111111111111110111 -> -3.68934684e+19
1 10111111 11111111111111111111011 -> -3.68934772e+19
1 10111111 11111111111111111111101 -> -3.68934816e+19
1 10111111 11111111111111111111110 -> -3.68934837e+19
1 10111111 11111111111111111111111 -> -3.68934859e+19
1 11011111 00000000000000000000000 -> -7.92281625e+28
1 11011111 10000000000000000000000 -> -1.18842244e+29
1 11011111 01000000000000000000000 -> -9.90352031e+28
1 11011111 00100000000000000000000 -> -8.91316828e+28
1 11011111 00010000000000000000000 -> -8.41799227e+28
1 11011111 00001000000000000000000 -> -8.17040426e+28
1 11011111 00000100000000000000000 -> -8.04661026e+28
1 11011111 00000010000000000000000 -> -7.98471325e+28
1 11011111 00000001000000000000000 -> -7.95376475e+28
1 11011111 00000000100000000000000 -> -7.93829050e+28
1 11011111 00000000010000000000000 -> -7.93055338e+28
1 11011111 00000000001000000000000 -> -7.92668481e+28
1 11011111 00000000000100000000000 -> -7.92475053e+28
1 11011111 00000000000010000000000 -> -7.92378339e+28
1 11011111 00000000000001000000000 -> -7.92329982e+28
1 11011111 00000000000000100000000 -> -7.92305804e+28
1 11011111 00000000000000010000000 -> -7.92293714e+28
1 11011111 00000000000000001000000 -> -7.92287670e+28
1 11011111 00000000000000000100000 -> -7.92284647e+28
1 11011111 00000000000000000010000 -> -7.92283136e+28
1 11011111 00000000000000000001000 -> -7.92282381e+28
1 11011111 00000000000000000000100 -> -7.92282003e+28
1 11011111 00000000000000000000010 -> -7.92281814e+28
1 11011111 00000000000000000000001 -> -7.92281720e+28
1 11011111 01111111111111111111111 -> -1.18842234e+29
1 11011111 10111111111111111111111 -> -1.38649275e+29
1 11011111 11011111111111111111111 -> -1.48552795e+29
1 11011111 11101111111111111111111 -> -1.53504555e+29
1 11011111 11110111111111111111111 -> -1.55980436e+29
1 11011111 11111011111111111111111 -> -1.57218376e+29
1 11011111 11111101111111111111111 -> -1.57837346e+29
1 11011111 11111110111111111111111 -> -1.58146831e+29
1 11011111 11111111011111111111111 -> -1.58301573e+29
1 11011111 11111111101111111111111 -> -1.58378944e+29
1 11011111 11111111110111111111111 -> -1.58417630e+29
1 11011111 11111111111011111111111 -> -1.58436973e+29
1 11011111 11111111111101111111111 -> -1.58446644e+29
1 11011111 11111111111110111111111 -> -1.58451480e+29
1 11011111 11111111111111011111111 -> -1.58453898e+29
1 11011111 11111111111111101111111 -> -1.58455107e+29
1 11011111 11111111111111110111111 -> -1.58455711e+29
1 11011111 11111111111111111011111 -> -1.58456013e+29
1 11011111 11111111111111111101111 -> -1.58456164e+29
1 11011111 11111111111111111110111 -> -1.58456240e+29
1 11011111 11111111111111111111011 -> -1.58456278e+29
1 11011111 11111111111111111111101 -> -1.58456297e+29
1 11011111 11111111111111111111110 -> -1.58456306e+29
1 11011111 11111111111111111111111 -> -1.58456316e+29
1 11101111 00000000000000000000000 -> -5.19229686e+33
1 11101111 10000000000000000000000 -> -7.78844529e+33
1 11101111 01000000000000000000000 -> -6.49037107e+33
1 11101111 00100000000000000000000 -> -5.84133397e+33
1 11101111 00010000000000000000000 -> -5.51681541e+33
1 11101111 00001000000000000000000 -> -5.35455614e+33
1 11101111 00000100000000000000000 -> -5.27342650e+33
1 11101111 00000010000000000000000 -> -5.23286168e+33
1 11101111 00000001000000000000000 -> -5.21257927e+33
1 11101111 00000000100000000000000 -> -5.20243806e+33
1 11101111 00000000010000000000000 -> -5.19736746e+33
1 11101111 00000000001000000000000 -> -5.19483216e+33
1 11101111 00000000000100000000000 -> -5.19356451e+33
1 11101111 00000000000010000000000 -> -5.19293068e+33
1 11101111 00000000000001000000000 -> -5.19261377e+33
1 11101111 00000000000000100000000 -> -5.19245531e+33
1 11101111 00000000000000010000000 -> -5.19237609e+33
1 11101111 00000000000000001000000 -> -5.19233647e+33
1 11101111 00000000000000000100000 -> -5.19231667e+33
1 11101111 00000000000000000010000 -> -5.19230676e+33
1 11101111 00000000000000000001000 -> -5.19230181e+33
1 11101111 00000000000000000000100 -> -5.19229933e+33
1 11101111 00000000000000000000010 -> -5.19229810e+33
1 11101111 00000000000000000000001 -> -5.19229748e+33
1 11101111 01111111111111111111111 -> -7.78844467e+33
1 11101111 10111111111111111111111 -> -9.08651888e+33
1 11101111 11011111111111111111111 -> -9.73555599e+33
1 11101111 11101111111111111111111 -> -1.00600745e+34
1 11101111 11110111111111111111111 -> -1.02223338e+34
1 11101111 11111011111111111111111 -> -1.03034635e+34
1 11101111 11111101111111111111111 -> -1.03440283e+34
1 11101111 11111110111111111111111 -> -1.03643107e+34
1 11101111 11111111011111111111111 -> -1.03744519e+34
1 11101111 11111111101111111111111 -> -1.03795225e+34
1 11101111 11111111110111111111111 -> -1.03820578e+34
1 11101111 11111111111011111111111 -> -1.03833254e+34
1 11101111 11111111111101111111111 -> -1.03839593e+34
1 11101111 11111111111110111111111 -> -1.03842762e+34
1 11101111 11111111111111011111111 -> -1.03844346e+34
1 11101111 11111111111111101111111 -> -1.03845139e+34
1 11101111 11111111111111110111111 -> -1.03845535e+34
1 11101111 11111111111111111011111 -> -1.03845733e+34
1 11101111 11111111111111111101111 -> -1.03845832e+34
1 11101111 11111111111111111110111 -> -1.03845881e+34
1 11101111 11111111111111111111011 -> -1.03845906e+34
1 11101111 11111111111111111111101 -> -1.03845919e+34
1 11101111 11111111111111111111110 -> -1.03845925e+34
1 11101111 11111111111111111111111 -> -1.03845931e+34
1 11110111 00000000000000000000000 -> -1.32922800e+36
1 11110111 10000000000000000000000 -> -1.99384199e+36
1 11110111 01000000000000000000000 -> -1.66153499e+36
1 11110111 00100000000000000000000 -> -1.49538150e+36
1 11110111 00010000000000000000000 -> -1.41230475e+36
1 11110111 00001000000000000000000 -> -1.37076637e+36
1 11110111 00000100000000000000000 -> -1.34999718e+36
1 11110111 00000010000000000000000 -> -1.33961259e+36
1 11110111 00000001000000000000000 -> -1.33442029e+36
1 11110111 00000000100000000000000 -> -1.33182414e+36
1 11110111 00000000010000000000000 -> -1.33052607e+36
1 11110111 00000000001000000000000 -> -1.32987703e+36
1 11110111 00000000000100000000000 -> -1.32955251e+36
1 11110111 00000000000010000000000 -> -1.32939026e+36
1 11110111 00000000000001000000000 -> -1.32930913e+36
1 11110111 00000000000000100000000 -> -1.32926856e+36
1 11110111 00000000000000010000000 -> -1.32924828e+36
1 11110111 00000000000000001000000 -> -1.32923814e+36
1 11110111 00000000000000000100000 -> -1.32923307e+36
1 11110111 00000000000000000010000 -> -1.32923053e+36
1 11110111 00000000000000000001000 -> -1.32922926e+36
1 11110111 00000000000000000000100 -> -1.32922863e+36
1 11110111 00000000000000000000010 -> -1.32922831e+36
1 11110111 00000000000000000000001 -> -1.32922815e+36
1 11110111 01111111111111111111111 -> -1.99384184e+36
1 11110111 10111111111111111111111 -> -2.32614883e+36
1 11110111 11011111111111111111111 -> -2.49230233e+36
1 11110111 11101111111111111111111 -> -2.57537908e+36
1 11110111 11110111111111111111111 -> -2.61691746e+36
1 11110111 11111011111111111111111 -> -2.63768665e+36
1 11110111 11111101111111111111111 -> -2.64807124e+36
1 11110111 11111110111111111111111 -> -2.65326354e+36
1 11110111 11111111011111111111111 -> -2.65585968e+36
1 11110111 11111111101111111111111 -> -2.65715776e+36
1 11110111 11111111110111111111111 -> -2.65780680e+36
1 11110111 11111111111011111111111 -> -2.65813131e+36
1 11110111 11111111111101111111111 -> -2.65829357e+36
1 11110111 11111111111110111111111 -> -2.65837470e+36
1 11110111 11111111111111011111111 -> -2.65841527e+36
1 11110111 11111111111111101111111 -> -2.65843555e+36
1 11110111 11111111111111110111111 -> -2.65844569e+36
1 11110111 11111111111111111011111 -> -2.65845076e+36
1 11110111 11111111111111111101111 -> -2.65845330e+36
1 11110111 11111111111111111110111 -> -2.65845457e+36
1 11110111 11111111111111111111011 -> -2.65845520e+36
1 11110111 11111111111111111111101 -> -2.65845552e+36
1 11110111 11111111111111111111110 -> -2.65845567e+36
1 11110111 11111111111111111111111 -> -2.65845583e+36
1 11111011 00000000000000000000000 -> -2.12676479e+37
1 11111011 10000000000000000000000 -> -3.19014719e+37
1 11111011 01000000000000000000000 -> -2.65845599e+37
1 11111011 00100000000000000000000 -> -2.39261039e+37
1 11111011 00010000000000000000000 -> -2.25968759e+37
1 11111011 00001000000000000000000 -> -2.19322619e+37
1 11111011 00000100000000000000000 -> -2.15999549e+37
1 11111011 00000010000000000000000 -> -2.14338014e+37
1 11111011 00000001000000000000000 -> -2.13507247e+37
1 11111011 00000000100000000000000 -> -2.13091863e+37
1 11111011 00000000010000000000000 -> -2.12884171e+37
1 11111011 00000000001000000000000 -> -2.12780325e+37
1 11111011 00000000000100000000000 -> -2.12728402e+37
1 11111011 00000000000010000000000 -> -2.12702441e+37
1 11111011 00000000000001000000000 -> -2.12689460e+37
1 11111011 00000000000000100000000 -> -2.12682970e+37
1 11111011 00000000000000010000000 -> -2.12679725e+37
1 11111011 00000000000000001000000 -> -2.12678102e+37
1 11111011 00000000000000000100000 -> -2.12677291e+37
1 11111011 00000000000000000010000 -> -2.12676885e+37
1 11111011 00000000000000000001000 -> -2.12676682e+37
1 11111011 00000000000000000000100 -> -2.12676581e+37
1 11111011 00000000000000000000010 -> -2.12676530e+37
1 11111011 00000000000000000000001 -> -2.12676505e+37
1 11111011 01111111111111111111111 -> -3.19014694e+37
1 11111011 10111111111111111111111 -> -3.72183813e+37
1 11111011 11011111111111111111111 -> -3.98768373e+37
1 11111011 11101111111111111111111 -> -4.12060653e+37
1 11111011 11110111111111111111111 -> -4.18706793e+37
1 11111011 11111011111111111111111 -> -4.22029863e+37
1 11111011 11111101111111111111111 -> -4.23691398e+37
1 11111011 11111110111111111111111 -> -4.24522166e+37
1 11111011 11111111011111111111111 -> -4.24937550e+37
1 11111011 11111111101111111111111 -> -4.25145241e+37
1 11111011 11111111110111111111111 -> -4.25249087e+37
1 11111011 11111111111011111111111 -> -4.25301010e+37
1 11111011 11111111111101111111111 -> -4.25326972e+37
1 11111011 11111111111110111111111 -> -4.25339953e+37
1 11111011 11111111111111011111111 -> -4.25346443e+37
1 11111011 11111111111111101111111 -> -4.25349688e+37
1 11111011 11111111111111110111111 -> -4.25351311e+37
1 11111011 11111111111111111011111 -> -4.25352122e+37
1 11111011 11111111111111111101111 -> -4.25352528e+37
1 11111011 11111111111111111110111 -> -4.25352730e+37
1 11111011 11111111111111111111011 -> -4.25352832e+37
1 11111011 11111111111111111111101 -> -4.25352883e+37
1 11111011 11111111111111111111110 -> -4.25352908e+37
1 11111011 11111111111111111111111 -> -4.25352933e+37
1 11111101 00000000000000000000000 -> -8.50705917e+37
1 11111101 10000000000000000000000 -> -1.27605888e+38
1 11111101 01000000000000000000000 -> -1.06338240e+38
1 11111101 00100000000000000000000 -> -9.57044157e+37
1 11111101 00010000000000000000000 -> -9.03875037e+37
1 11111101 00001000000000000000000 -> -8.77290477e+37
1 11111101 00000100000000000000000 -> -8.63998197e+37
1 11111101 00000010000000000000000 -> -8.57352057e+37
1 11111101 00000001000000000000000 -> -8.54028987e+37
1 11111101 00000000100000000000000 -> -8.52367452e+37
1 11111101 00000000010000000000000 -> -8.51536685e+37
1 11111101 00000000001000000000000 -> -8.51121301e+37
1 11111101 00000000000100000000000 -> -8.50913609e+37
1 11111101 00000000000010000000000 -> -8.50809763e+37
1 11111101 00000000000001000000000 -> -8.50757840e+37
1 11111101 00000000000000100000000 -> -8.50731879e+37
1 11111101 00000000000000010000000 -> -8.50718898e+37
1 11111101 00000000000000001000000 -> -8.50712408e+37
1 11111101 00000000000000000100000 -> -8.50709162e+37
1 11111101 00000000000000000010000 -> -8.50707540e+37
1 11111101 00000000000000000001000 -> -8.50706729e+37
1 11111101 00000000000000000000100 -> -8.50706323e+37
1 11111101 00000000000000000000010 -> -8.50706120e+37
1 11111101 00000000000000000000001 -> -8.50706019e+37
1 11111101 01111111111111111111111 -> -1.27605877e+38
1 11111101 10111111111111111111111 -> -1.48873525e+38
1 11111101 11011111111111111111111 -> -1.59507349e+38
1 11111101 11101111111111111111111 -> -1.64824261e+38
1 11111101 11110111111111111111111 -> -1.67482717e+38
1 11111101 11111011111111111111111 -> -1.68811945e+38
1 11111101 11111101111111111111111 -> -1.69476559e+38
1 11111101 11111110111111111111111 -> -1.69808866e+38
1 11111101 11111111011111111111111 -> -1.69975020e+38
1 11111101 11111111101111111111111 -> -1.70058097e+38
1 11111101 11111111110111111111111 -> -1.70099635e+38
1 11111101 11111111111011111111111 -> -1.70120404e+38
1 11111101 11111111111101111111111 -> -1.70130789e+38
1 11111101 11111111111110111111111 -> -1.70135981e+38
1 11111101 11111111111111011111111 -> -1.70138577e+38
1 11111101 11111111111111101111111 -> -1.70139875e+38
1 11111101 11111111111111110111111 -> -1.70140524e+38
1 11111101 11111111111111111011111 -> -1.70140849e+38
1 11111101 11111111111111111101111 -> -1.70141011e+38
1 11111101 11111111111111111110111 -> -1.70141092e+38
1 11111101 11111111111111111111011 -> -1.70141133e+38
1 11111101 11111111111111111111101 -> -1.70141153e+38
1 11111101 11111111111111111111110 -> -1.70141163e+38
1 11111101 11111111111111111111111 -> -1.70141173e+38
1 11111110 00000000000000000000000 -> -1.70141183e+38
1 11111110 10000000000000000000000 -> -2.55211775e+38
1 11111110 01000000000000000000000 -> -2.12676479e+38
1 11111110 00100000000000000000000 -> -1.91408831e+38
1 11111110 00010000000000000000000 -> -1.80775007e+38
1 11111110 00001000000000000000000 -> -1.75458095e+38
1 11111110 00000100000000000000000 -> -1.72799639e+38
1 11111110 00000010000000000000000 -> -1.71470411e+38
1 11111110 00000001000000000000000 -> -1.70805797e+38
1 11111110 00000000100000000000000 -> -1.70473490e+38
1 11111110 00000000010000000000000 -> -1.70307337e+38
1 11111110 00000000001000000000000 -> -1.70224260e+38
1 11111110 00000000000100000000000 -> -1.70182722e+38
1 11111110 00000000000010000000000 -> -1.70161953e+38
1 11111110 00000000000001000000000 -> -1.70151568e+38
1 11111110 00000000000000100000000 -> -1.70146376e+38
1 11111110 00000000000000010000000 -> -1.70143780e+38
1 11111110 00000000000000001000000 -> -1.70142482e+38
1 11111110 00000000000000000100000 -> -1.70141832e+38
1 11111110 00000000000000000010000 -> -1.70141508e+38
1 11111110 00000000000000000001000 -> -1.70141346e+38
1 11111110 00000000000000000000100 -> -1.70141265e+38
1 11111110 00000000000000000000010 -> -1.70141224e+38
1 11111110 00000000000000000000001 -> -1.70141204e+38
1 11111110 01111111111111111111111 -> -2.55211755e+38
1 11111110 10111111111111111111111 -> -2.97747051e+38
1 11111110 11011111111111111111111 -> -3.19014699e+38
1 11111110 11101111111111111111111 -> -3.29648523e+38
1 11111110 11110111111111111111111 -> -3.34965435e+38
1 11111110 11111011111111111111111 -> -3.37623891e+38
1 11111110 11111101111111111111111 -> -3.38953119e+38
1 11111110 11111110111111111111111 -> -3.39617733e+38
1 11111110 11111111011111111111111 -> -3.39950040e+38
1 11111110 11111111101111111111111 -> -3.40116193e+38
1 11111110 11111111110111111111111 -> -3.40199270e+38
1 11111110 11111111111011111111111 -> -3.40240808e+38
1 11111110 11111111111101111111111 -> -3.40261577e+38
1 11111110 11111111111110111111111 -> -3.40271962e+38
1 11111110 11111111111111011111111 -> -3.40277154e+38
1 11111110 11111111111111101111111 -> -3.40279750e+38
1 11111110 11111111111111110111111 -> -3.40281049e+38
1 11111110 11111111111111111011111 -> -3.40281698e+38
1 11111110 11111111111111111101111 -> -3.40282022e+38
1 11111110 11111111111111111110111 -> -3.40282184e+38
1 11111110 11111111111111111111011 -> -3.40282266e+38
1 11111110 11111111111111111111101 -> -3.40282306e+38
1 11111110 11111111111111111111110 -> -3.40282326e+38
1 11111110 11111111111111111111111 -> -3.40282347e+38
1 11111111 00000000000000000000000 -> -inf
1 11111111 10000000000000000000000 -> nan
1 11111111 01000000000000000000000 -> nan
1 11111111 00100000000000000000000 -> nan
1 11111111 00010000000000000000000 -> nan
1 11111111 00001000000000000000000 -> nan
1 11111111 00000100000000000000000 -> nan
1 11111111 00000010000000000000000 -> nan
1 11111111 00000001000000000000000 -> nan
1 11111111 00000000100000000000000 -> nan
1 11111111 00000000010000000000000 -> nan
1 11111111 00000000001000000000000 -> nan
1 11111111 00000000000100000000000 -> nan
1 11111111 00000000000010000000000 -> nan
1 11111111 00000000000001000000000 -> nan
1 11111111 00000000000000100000000 -> nan
1 11111111 00000000000000010000000 -> nan
1 11111111 00000000000000001000000 -> nan
1 11111111 00000000000000000100000 -> nan
1 11111111 00000000000000000010000 -> nan
1 11111111 00000000000000000001000 -> nan
1 11111111 00000000000000000000100 -> nan
1 11111111 00000000000000000000010 -> nan
1 11111111 00000000000000000000001 -> nan
1 11111111 01111111111111111111111 -> nan
1 11111111 10111111111111111111111 -> nan
1 11111111 11011111111111111111111 -> nan
1 11111111 11101111111111111111111 -> nan
1 11111111 11110111111111111111111 -> nan
1 11111111 11111011111111111111111 -> nan
1 11111111 11111101111111111111111 -> nan
1 11111111 11111110111111111111111 -> nan
1 11111111 11111111011111111111111 -> nan
1 11111111 11111111101111111111111 -> nan
1 11111111 11111111110111111111111 -> nan
1 11111111 11111111111011111111111 -> nan
1 11111111 11111111111101111111111 -> nan
1 11111111 11111111111110111111111 -> nan
1 11111111 11111111111111011111111 -> nan
1 11111111 11111111111111101111111 -> nan
1 11111111 11111111111111110111111 -> nan
1 11111111 11111111111111111011111 -> nan
1 11111111 11111111111111111101111 -> nan
1 11111111 11111111111111111110111 -> nan
1 11111111 11111111111111111111011 -> nan
1 11111111 11111111111111111111101 -> nan
1 11111111 11111111111111111111110 -> nan
1 11111111 11111111111111111111111 -> nan
