The best score 1.51412, control { 0 0 0 0 0 0 0 186 200 186 200 186 200 192 184 }
The best score 1.51626, control { 0 0 0 0 0 0 0 180 193 200 200 200 181 198 182 }
The best score 1.51697, control { 0 0 0 0 0 0 0 196 182 200 186 197 192 200 181 }
The best score 1.76611, control { 0 0 0 0 0 0 0 189 184 200 200 184 200 200 177 }
The best score 1.86083, control { 0 0 0 0 0 0 0 200 196 200 180 180 180 200 198 }
The best score 2.05431, control { 0 0 0 0 0 0 0 200 194 181 200 181 200 179 199 }
The best score 2.05611, control { 0 0 0 0 0 0 0 187 200 187 188 200 200 186 186 }
The best score 2.07775, control { 0 0 0 0 0 0 0 186 200 200 184 182 200 200 182 }
The best score 2.14503, control { 0 0 0 0 0 0 0 196 200 185 184 185 200 200 184 }
The best score 2.93941, control { 0 0 0 0 0 0 0 196 200 188 188 188 188 188 198 }
The best score 3.02874, control { 0 0 0 0 0 0 0 189 200 190 189 189 200 189 188 }
The best score 3.42313, control { 0 0 0 0 0 0 0 190 190 195 200 190 190 189 190 }
The best score 4.47117, control { 0 0 0 0 0 0 0 191 198 191 191 190 191 191 191 }
The best score 5.08967, control { 0 0 0 0 0 0 0 200 182 190 200 200 182 182 198 }
The best score 5.6655,  control { 0 0 0 0 0 0 0 199 199 199 199 141 199 199 199 }
The best score 6.34541, control { 0 0 0 0 0 0 0 192 194 192 192 192 192 190 190 }
The best score 8.33306, control { 0 0 0 0 0 0 0 195 195 195 195 172 195 195 191 }
The best score 9.00567, control { 0 0 0 0 0 0 0 197 197 197 197 157 197 196 195 }
The best score 9.45813, control { 0 0 0 0 0 0 0 190 193 193 193 193 193 193 187 }
The best score 11.1424, control { 0 0 0 0 0 0 0 198 198 198 198 149 198 198 196 }
The best score 11.1612, control { 0 0 0 0 0 0 0 200 200 200 200 134 200 199 199 }
The best score 11.6846, control { 0 0 0 0 0 0 0 196 196 196 196 164 196 196 195 }
The best score 14.3069, control { 0 0 0 0 0 0 0 194 194 194 194 179 194 194 194 }
